2.317236098054127922e+02 5.120072155022006299e-01 0.000000000000000000e+00
1.052386581268529540e+02 -1.520256443868798879e+00 1.000000000000000000e+00
3.604315546085732080e+01 1.511947826887120705e+00 2.490000000000000000e+02
1.994473664456834783e+01 1.719235631045824775e+00 3.000000000000000000e+00
1.614364296573222646e+01 -1.242247663108583033e+00 5.000000000000000000e+00
8.497071422461850432e+00 -1.940600576417089496e+00 2.450000000000000000e+02
7.282941519933696206e+00 -2.042830647531160615e+00 2.430000000000000000e+02
5.101376624398506365e+00 1.799806011003912687e+00 2.000000000000000000e+00
4.909191397132310897e+00 -1.698771275828913740e+00 2.480000000000000000e+02
3.805494407117293143e+00 7.552571490733096526e-01 2.390000000000000000e+02
3.606286801796948271e+00 7.289557175037097991e-01 2.380000000000000000e+02
3.340380461766990106e+00 9.759028184764432234e-01 2.410000000000000000e+02
2.687073275005990247e+00 2.102392081714032912e+00 9.000000000000000000e+00
2.580025220485536064e+00 -8.732964180165608825e-01 1.100000000000000000e+01
2.382095735743264608e+00 7.168084762400219745e-01 2.360000000000000000e+02
1.929185600168380921e+00 -1.158329148502083239e+00 8.000000000000000000e+00
1.919697078045375260e+00 -9.245831751731893311e-01 6.000000000000000000e+00
1.898595058058065943e+00 5.964647682736560208e-01 2.400000000000000000e+02
1.788407647848437421e+00 2.162656033920566045e+00 1.200000000000000000e+01
1.758289336142979886e+00 -1.705889588010359281e+00 2.470000000000000000e+02
1.711020848034110475e+00 -7.245054647763814470e-01 1.300000000000000000e+01
1.703270841204006292e+00 2.426180522126952344e+00 1.400000000000000000e+01
1.699372990057974597e+00 2.665240522696045389e+00 1.600000000000000000e+01
1.695484592082940001e+00 -2.208292468421152677e+00 2.370000000000000000e+02
1.674922485312890563e+00 -2.488209870360398313e+00 2.350000000000000000e+02
1.294675739263527525e+00 2.524907574728516568e-01 2.320000000000000000e+02
1.274901758621732606e+00 4.544238976480667325e-01 2.340000000000000000e+02
1.084301648610932256e+00 -2.003727596441149839e+00 2.460000000000000000e+02
1.018886017538012334e+00 -2.322981060599085712e+00 2.440000000000000000e+02
8.962494532503948452e-01 3.834249525491920454e-03 2.270000000000000000e+02
8.441155931854936734e-01 2.800305192407062993e+00 1.500000000000000000e+01
8.069182899395995756e-01 -6.112895714793727953e-01 4.000000000000000000e+00
7.985027170643471672e-01 2.731480545505378998e+00 1.800000000000000000e+01
7.271673758677879018e-01 -8.021414866483849160e-01 7.000000000000000000e+00
7.063569579920233599e-01 2.847789261337838607e+00 2.100000000000000000e+01
5.975566805279932669e-01 4.957245613283617347e-01 3.100000000000000000e+01
5.860215344699718498e-01 2.483813497847799479e+00 2.170000000000000000e+02
5.723974442723822609e-01 3.620001892679019506e-01 2.300000000000000000e+02
5.597937397913127500e-01 2.444393881240732203e+00 1.000000000000000000e+01
5.562667748142965385e-01 -2.501095826850625148e+00 2.420000000000000000e+02
5.510134510943871522e-01 1.589138780500416459e-01 2.500000000000000000e+01
5.249507043516254967e-01 3.052131232485878698e+00 2.230000000000000000e+02
5.208942264456393190e-01 -1.869317766135185355e-01 1.900000000000000000e+01
5.129646497435671471e-01 -2.480051966458041601e+00 2.310000000000000000e+02
4.403212659285647423e-01 -2.983144744701292428e+00 3.000000000000000000e+01
4.234282337832858123e-01 2.853086561679059052e+00 2.190000000000000000e+02
4.218420167258668529e-01 -3.807280380470755982e-02 2.240000000000000000e+02
3.857785391730315094e-01 -5.994599058836596051e-01 2.250000000000000000e+02
3.853111012721436301e-01 2.679056040917831449e+00 2.210000000000000000e+02
3.641298978090494187e-01 -7.719938334659161017e-01 1.700000000000000000e+01
3.335842764307163644e-01 9.049366999837681336e-01 3.400000000000000000e+01
3.235641655469339573e-01 1.047444300793044514e+00 3.300000000000000000e+01
3.205721532577027189e-01 -2.151627837641694463e-01 2.180000000000000000e+02
3.069214260561274887e-01 -7.887801999293027055e-01 2.260000000000000000e+02
2.763968712736340483e-01 3.134183512552960682e+00 2.800000000000000000e+01
2.756750569765514247e-01 1.279236834672102141e+00 3.700000000000000000e+01
2.725441618577834069e-01 1.537529628721990616e+00 3.800000000000000000e+01
2.700266037142666775e-01 1.983528690067306810e+00 2.050000000000000000e+02
2.574990171987226462e-01 1.477989696813103659e+00 4.500000000000000000e+01
2.405448913456739723e-01 1.080651375613697507e+00 4.300000000000000000e+01
2.400361580208519585e-01 1.600488181558552325e+00 4.000000000000000000e+01
2.317297612116231975e-01 -2.583061651726742625e+00 2.280000000000000000e+02
2.298607621526370937e-01 -9.745550910024300406e-02 2.000000000000000000e+01
2.276086675407473781e-01 2.379541786018403826e+00 2.140000000000000000e+02
2.156922984702734358e-01 -7.327736483530620237e-01 2.200000000000000000e+01
2.143278604894165995e-01 1.560303962396769828e+00 3.900000000000000000e+01
2.110565264578485867e-01 -3.020422018701071298e+00 2.290000000000000000e+02
2.075063849841931041e-01 3.122296101112461919e+00 2.300000000000000000e+01
2.053917022528150282e-01 1.855341028428829642e+00 3.200000000000000000e+01
2.039318197430701474e-01 1.718377792978630803e+00 2.150000000000000000e+02
1.988787517521924397e-01 1.804850517511868091e+00 2.600000000000000000e+01
1.971362441246508335e-01 -2.599479248232083428e+00 4.400000000000000000e+01
1.878612208030274733e-01 -8.364581397083328262e-01 2.040000000000000000e+02
1.872397147389372185e-01 -4.986542425180395810e-02 2.900000000000000000e+01
1.839468763931947082e-01 1.444057813941527657e+00 2.080000000000000000e+02
1.819722948622012615e-01 1.531226632026857715e+00 2.030000000000000000e+02
1.766389649722571731e-01 1.622528072312660052e+00 2.160000000000000000e+02
1.722487619696098649e-01 1.241300588425683360e+00 3.600000000000000000e+01
1.720444858921688913e-01 2.486049633074797427e+00 2.400000000000000000e+01
1.691410450185018566e-01 -9.849834315249820227e-01 5.600000000000000000e+01
1.659190533445079330e-01 -5.400146190059155193e-01 2.330000000000000000e+02
1.628656888335676123e-01 1.569938949297398523e+00 2.090000000000000000e+02
1.624039291113614780e-01 -9.056736977650974296e-01 2.060000000000000000e+02
1.547167251212533123e-01 1.311476152533891826e+00 2.220000000000000000e+02
1.483225116972391733e-01 -1.985990429988257144e+00 1.920000000000000000e+02
1.394682467250341618e-01 1.727838486966005949e+00 2.070000000000000000e+02
1.388493798299194060e-01 2.487395114174331567e+00 4.600000000000000000e+01
1.375208816371953080e-01 1.275955861118934331e+00 2.100000000000000000e+02
1.361338794854819456e-01 -2.450187078805317054e+00 4.200000000000000000e+01
1.289322551888733015e-01 3.064135284116669133e-01 2.700000000000000000e+01
1.217635514776656824e-01 -2.630774828726730075e+00 1.860000000000000000e+02
1.167872645854409197e-01 -1.599770740471808395e-01 2.200000000000000000e+02
1.098269409446467476e-01 -8.355552116794754403e-01 2.130000000000000000e+02
1.022763342907573869e-01 -6.271280313643535775e-01 6.200000000000000000e+01
9.985728643017029171e-02 2.174788323726017492e+00 5.200000000000000000e+01
9.894126045880256848e-02 2.798760238637771458e+00 7.500000000000000000e+01
9.879522119735612007e-02 2.532664738333258114e+00 2.110000000000000000e+02
9.859585983388642616e-02 1.146198172038261021e+00 5.700000000000000000e+01
9.674663017647837371e-02 1.395664957105478665e+00 1.910000000000000000e+02
9.473860852202689586e-02 -2.020209615349802146e+00 1.980000000000000000e+02
9.447286206493867022e-02 1.944953789810623279e+00 3.500000000000000000e+01
9.315116068758674817e-02 2.047612804666626207e+00 4.700000000000000000e+01
8.938102271713577185e-02 -2.885231981385109279e+00 1.740000000000000000e+02
8.844881904730961253e-02 -1.520688946933755670e+00 1.900000000000000000e+02
8.551460753384820812e-02 -2.689423949664281110e+00 1.990000000000000000e+02
8.288766425817685468e-02 1.849128181952966132e+00 6.100000000000000000e+01
8.254212677464152492e-02 -1.554126443233828092e-01 1.820000000000000000e+02
8.019266414737212523e-02 3.122755384521658684e+00 8.900000000000000000e+01
7.989483702225691486e-02 3.377509567288219383e-01 1.730000000000000000e+02
7.942612614516224301e-02 2.930980226232822970e-03 5.500000000000000000e+01
7.926169356155240986e-02 -1.678201111009494761e+00 5.300000000000000000e+01
7.706934274839311039e-02 -1.496255669132604993e+00 5.800000000000000000e+01
7.607010139181631658e-02 9.394240027088509581e-01 1.960000000000000000e+02
7.549433275582388692e-02 1.966125132386971286e+00 6.300000000000000000e+01
7.468851466316045462e-02 -2.077583111388247694e+00 2.000000000000000000e+02
7.466253207479478515e-02 5.214003145239969744e-02 1.590000000000000000e+02
7.418433734680160430e-02 -1.484267936956230605e+00 1.950000000000000000e+02
7.386642124185568981e-02 2.105538597383062260e+00 1.600000000000000000e+02
7.278582113517269303e-02 2.635164812669510859e+00 6.600000000000000000e+01
7.153784463962470364e-02 2.876222235786224601e+00 1.720000000000000000e+02
6.848566562403859970e-02 1.709446366927191319e+00 4.900000000000000000e+01
6.274773041353395864e-02 -1.702081443211806544e+00 1.760000000000000000e+02
6.238045173434126484e-02 1.783682905136878105e+00 8.300000000000000000e+01
6.231874730430955744e-02 1.938363731906830312e+00 1.930000000000000000e+02
6.068134872452534551e-02 1.554132388951830590e+00 4.100000000000000000e+01
6.017439484388425325e-02 -1.803148323096381400e+00 1.830000000000000000e+02
6.015399683003235659e-02 1.328518001724989572e+00 6.900000000000000000e+01
5.978915387771904094e-02 3.023547425887114670e+00 8.700000000000000000e+01
5.837319524259985959e-02 -2.139895786051091875e+00 1.970000000000000000e+02
5.703650635282449255e-02 -1.838637863004341622e+00 1.880000000000000000e+02
5.696265184480286264e-02 2.965641182200418946e+00 9.500000000000000000e+01
5.684092892137070085e-02 5.073883972600593678e-02 2.020000000000000000e+02
5.620138896524869837e-02 -2.014751210337844434e+00 1.780000000000000000e+02
5.555128028018323227e-02 -5.302480306855956727e-01 7.400000000000000000e+01
5.552640939591693692e-02 -7.047874496717787540e-02 1.610000000000000000e+02
5.456054596581073890e-02 -6.542081681979491914e-02 7.600000000000000000e+01
5.342654136729703407e-02 2.200421199784777571e+00 9.400000000000000000e+01
5.310481920079027085e-02 1.139795039751196004e+00 1.870000000000000000e+02
5.202112908013448861e-02 -9.923782434181726009e-01 1.470000000000000000e+02
5.073056531404371294e-02 -2.868279566862798724e+00 1.290000000000000000e+02
5.054435673657515365e-02 2.241566873542964355e+00 9.700000000000000000e+01
4.925670398813710577e-02 2.874454563852896438e+00 7.700000000000000000e+01
4.924286779465918834e-02 3.218198311020958324e-01 1.890000000000000000e+02
4.894282240485140628e-02 -2.675906488421525342e+00 1.690000000000000000e+02
4.879314508614904927e-02 -2.493880473097211947e+00 1.380000000000000000e+02
4.872900554886049757e-02 9.516104754766353535e-01 8.800000000000000000e+01
4.644872075084750113e-02 2.658313481947332413e+00 5.100000000000000000e+01
4.548870844385010520e-02 1.606166493496538727e+00 1.060000000000000000e+02
4.516191608644809508e-02 -2.760508441162585314e+00 9.600000000000000000e+01
4.515075539078221983e-02 1.807314041651108871e+00 5.900000000000000000e+01
4.459316346672727305e-02 -5.272760374137321904e-01 1.750000000000000000e+02
4.447234865760182898e-02 2.467920754430787511e+00 1.200000000000000000e+02
4.441979607919453732e-02 -2.321899504678737625e+00 1.010000000000000000e+02
4.440670248559138583e-02 1.773002632853492022e+00 8.200000000000000000e+01
4.381234050445156902e-02 -2.415437109001685290e+00 1.410000000000000000e+02
4.348845017942762348e-02 -1.801697468952937031e+00 1.800000000000000000e+02
4.294738564366302330e-02 -2.135941597606633824e+00 7.200000000000000000e+01
4.246903442168112330e-02 -1.373323380763659562e+00 1.810000000000000000e+02
4.206992894029529945e-02 5.376630866596703306e-01 6.800000000000000000e+01
4.182016591756609891e-02 3.524498863161721340e-01 1.160000000000000000e+02
4.139362123502580981e-02 -1.141929853989786636e+00 1.070000000000000000e+02
4.077394283180332812e-02 3.033907347392925224e+00 7.300000000000000000e+01
4.075414156520527909e-02 -2.476837674387604160e+00 1.430000000000000000e+02
4.017054670097224001e-02 2.789915016472799270e+00 1.620000000000000000e+02
3.997404538529251289e-02 -1.621866476528689649e+00 6.000000000000000000e+01
3.972963631417515684e-02 1.592669487379281934e+00 1.650000000000000000e+02
3.937641413204132773e-02 -3.109811032446375911e+00 8.400000000000000000e+01
3.931527846212505561e-02 1.825535737170145500e+00 1.420000000000000000e+02
3.916618106700819890e-02 2.142629109837391965e+00 1.180000000000000000e+02
3.857766938018002828e-02 -2.216843182281683866e+00 5.000000000000000000e+01
3.845400465023579573e-02 1.418253278278935436e+00 8.500000000000000000e+01
3.743206500796710662e-02 -1.886027360527663843e+00 9.800000000000000000e+01
3.716522069082322383e-02 1.837380372983258736e+00 1.850000000000000000e+02
3.715106412608551456e-02 -1.351963551822881859e+00 1.520000000000000000e+02
3.689314509432324585e-02 -3.920066290557371325e-01 6.700000000000000000e+01
3.454522281422371666e-02 2.430347627747182937e+00 1.480000000000000000e+02
3.390517521329686201e-02 -1.338701902548324663e+00 6.500000000000000000e+01
3.307233949416716473e-02 -1.839109308960180433e+00 1.500000000000000000e+02
3.298883604913117884e-02 -1.405343859020748765e+00 1.450000000000000000e+02
3.206597516211879412e-02 6.372315483061012920e-01 1.790000000000000000e+02
3.188140005919959385e-02 1.159235633163818502e+00 1.580000000000000000e+02
3.185740513890877174e-02 9.505092047596476190e-01 1.280000000000000000e+02
3.131107923398185333e-02 2.138288479914929763e+00 1.630000000000000000e+02
3.099519368938443917e-02 1.464258523020137259e+00 1.510000000000000000e+02
3.088087763349069495e-02 -2.849449351265115116e+00 9.300000000000000000e+01
3.084683781221856866e-02 -3.016451001176245317e+00 4.800000000000000000e+01
3.064850787616197475e-02 1.860279640319577155e+00 1.110000000000000000e+02
3.029836974117216739e-02 -1.790463348039031066e+00 2.120000000000000000e+02
3.016066753981641591e-02 1.010240109822960086e+00 1.140000000000000000e+02
2.997350516852196126e-02 1.756215603364296607e+00 7.100000000000000000e+01
2.974183715930602337e-02 2.100388842389132371e+00 8.100000000000000000e+01
2.917815380633299524e-02 2.799529133800789271e+00 9.100000000000000000e+01
2.913510834876340341e-02 3.111690691083471627e+00 1.320000000000000000e+02
2.899958304235588508e-02 2.718955304831012221e+00 1.340000000000000000e+02
2.660717387980100074e-02 -2.823828987665221835e+00 7.800000000000000000e+01
2.653398088264362700e-02 2.234655964077929102e+00 8.000000000000000000e+01
2.637784881065160722e-02 -2.936595204107816492e+00 1.270000000000000000e+02
2.614127643809767768e-02 1.248375419869819647e-01 1.020000000000000000e+02
2.608216962967935607e-02 -1.192565043123876123e+00 1.330000000000000000e+02
2.600502555524256132e-02 -9.149885968836017902e-01 1.100000000000000000e+02
2.592394238690243213e-02 -3.397895614543969961e-02 1.530000000000000000e+02
2.583104663634681192e-02 3.040834392650066942e+00 1.260000000000000000e+02
2.469180566658720627e-02 1.068512876075313311e+00 1.300000000000000000e+02
2.417958139000852755e-02 -4.888499015909786860e-01 2.010000000000000000e+02
2.316276926940619499e-02 -5.738595430068621495e-01 7.900000000000000000e+01
2.287646593850803031e-02 2.973553967791995767e+00 1.460000000000000000e+02
2.277505034419751578e-02 1.979337129039801857e+00 9.200000000000000000e+01
2.272062534089173275e-02 -2.358030074424712019e+00 1.030000000000000000e+02
2.254360438637207503e-02 -1.200617674281797331e+00 1.050000000000000000e+02
2.226936897769222004e-02 -2.325407130435303227e+00 1.310000000000000000e+02
2.184520324079873219e-02 1.469720780350718958e-01 7.000000000000000000e+01
2.113923153207226957e-02 -7.309918479096639832e-01 1.190000000000000000e+02
2.100886313616955395e-02 2.987995686486188074e+00 1.170000000000000000e+02
2.072826670688670755e-02 1.361318306025425917e+00 1.370000000000000000e+02
2.071334591551251061e-02 -7.249076294752152538e-01 1.770000000000000000e+02
2.006377378542471487e-02 3.276081592819390931e-01 1.040000000000000000e+02
2.004830372656208823e-02 -1.382064382986383011e+00 1.210000000000000000e+02
1.941225319893473411e-02 2.855267539017334766e+00 1.400000000000000000e+02
1.898518328393525648e-02 2.925412928713549299e+00 1.440000000000000000e+02
1.891375862913998937e-02 -9.216488563283704583e-01 1.940000000000000000e+02
1.878157837263661270e-02 -2.714331546024729147e-01 1.700000000000000000e+02
1.869202321494708649e-02 1.078926508310127153e+00 9.000000000000000000e+01
1.844227504068387050e-02 -6.934657433406110627e-01 1.640000000000000000e+02
1.812614286854139292e-02 -1.615163178340721206e+00 1.550000000000000000e+02
1.780757649217931324e-02 2.553829932930269941e-01 1.570000000000000000e+02
1.706808205040886983e-02 8.932978999046733426e-01 5.400000000000000000e+01
1.651750408746851043e-02 -2.054943594664587980e+00 1.680000000000000000e+02
1.554711936451629722e-02 1.254034351307784956e+00 1.710000000000000000e+02
1.554207471490337555e-02 1.352872275439446881e+00 1.540000000000000000e+02
1.486099849253313260e-02 2.330342936923307295e+00 1.360000000000000000e+02
1.392278037820874302e-02 2.938785645994805407e+00 1.150000000000000000e+02
1.329411718012475825e-02 1.127079327104869355e+00 1.560000000000000000e+02
1.308787360537918242e-02 2.386894165661741063e+00 9.900000000000000000e+01
1.275490269358720181e-02 1.593531727328107328e+00 1.660000000000000000e+02
1.256698279435738107e-02 1.242462625247698238e+00 1.120000000000000000e+02
1.250748055597416218e-02 -1.964156631352290239e+00 1.350000000000000000e+02
1.187870912827223083e-02 9.199338458732160273e-01 1.130000000000000000e+02
1.175754084883674777e-02 -2.409868638792549145e-01 1.490000000000000000e+02
1.159018961622531978e-02 7.257361276504131764e-01 1.000000000000000000e+02
1.084301270083842632e-02 1.767105592611750930e+00 1.080000000000000000e+02
1.049340835710303038e-02 -2.816541305970767795e-01 8.600000000000000000e+01
1.024952119008913295e-02 -1.425887010041811509e+00 6.400000000000000000e+01
9.885735587960154183e-03 -2.212286881807779881e+00 1.240000000000000000e+02
8.443827283235269543e-03 1.411459050119468817e+00 1.670000000000000000e+02
8.194799495903626330e-03 -3.036464299541100864e+00 1.230000000000000000e+02
8.121805040799975547e-03 2.152954722666311049e+00 1.390000000000000000e+02
7.453301161499220097e-03 2.050098446862487211e+00 1.250000000000000000e+02
7.040220229561375796e-03 -2.823476855697424792e+00 1.090000000000000000e+02
6.599342230729471348e-03 -8.602957585890620429e-01 1.840000000000000000e+02
2.658293820350203073e-03 2.189202261761598489e+00 1.220000000000000000e+02
