5.038769608281330648e+02 7.019631918923890934e-01 0.000000000000000000e+00
2.044675483922716523e+02 1.370934082740313364e+00 1.000000000000000000e+00
9.575690999164719130e+01 1.251252468973132359e+00 2.000000000000000000e+00
6.368263355857096997e+01 7.150425465538398084e-01 2.490000000000000000e+02
6.211766172736631830e+01 1.142879637375621815e+00 2.480000000000000000e+02
3.746213418938676654e+01 1.351808607826713748e+00 4.000000000000000000e+00
2.645151997286965440e+01 1.894718391623269271e+00 2.440000000000000000e+02
2.420811584507395864e+01 -9.053289545600730071e-01 2.470000000000000000e+02
1.725945361179697457e+01 1.271577961832399462e+00 3.000000000000000000e+00
1.651260374671058884e+01 -3.088235797702843843e+00 7.000000000000000000e+00
1.582016932760999417e+01 1.266713232816712997e+00 2.370000000000000000e+02
1.379122254193853614e+01 2.027005207629149819e+00 5.000000000000000000e+00
1.351583813771338782e+01 1.632545975618737266e+00 2.400000000000000000e+02
1.185822666075110021e+01 1.283789060896066925e+00 2.420000000000000000e+02
1.163657795058728794e+01 -1.615963947882881113e+00 2.390000000000000000e+02
9.916722203611156417e+00 2.702171519159094260e+00 6.000000000000000000e+00
9.632628917778850663e+00 1.295903343845771216e+00 1.300000000000000000e+01
8.573623324057310313e+00 -1.199946526945786518e+00 2.410000000000000000e+02
8.417278322340816743e+00 1.616211115357013339e+00 1.600000000000000000e+01
7.953687747418136667e+00 -1.770651752085293573e+00 2.380000000000000000e+02
7.326023701537484278e+00 2.656608709037159954e+00 2.450000000000000000e+02
7.171965386104903750e+00 4.713849730041314067e-04 9.000000000000000000e+00
6.045115679616941406e+00 -1.870252743590714362e+00 1.500000000000000000e+01
5.254555618679122908e+00 -2.022700815341139879e+00 1.400000000000000000e+01
5.027194549563113846e+00 1.188139432238866755e+00 2.430000000000000000e+02
4.674111306289710832e+00 2.759277068678749778e+00 2.340000000000000000e+02
4.410980875490224662e+00 -1.180443064622547666e+00 1.100000000000000000e+01
4.161062281077784419e+00 -2.509458757340437551e-01 2.000000000000000000e+01
4.126910479200305737e+00 1.604559370572957500e+00 2.350000000000000000e+02
4.117705613207458981e+00 1.341440024205369008e+00 2.460000000000000000e+02
3.751844484637097299e+00 3.128136564005156384e+00 2.200000000000000000e+01
3.744844720136152549e+00 -2.410950508333969289e+00 1.200000000000000000e+01
3.369041502787212927e+00 2.627792522816037035e+00 8.000000000000000000e+00
3.175873795382658127e+00 -2.830055652778142417e+00 1.700000000000000000e+01
3.039209580568646096e+00 5.158553763606958942e-01 2.310000000000000000e+02
2.741059459348157645e+00 -5.924587108515488865e-01 2.290000000000000000e+02
2.652821621131768559e+00 2.926101999809392229e+00 1.000000000000000000e+01
2.391322452538614307e+00 -1.941773381179138003e+00 2.100000000000000000e+01
2.198576192181832312e+00 1.666467900511873657e+00 2.270000000000000000e+02
1.745590041280145499e+00 1.764721581561230046e+00 2.300000000000000000e+02
1.705795925095064725e+00 -1.431375561130759255e+00 2.900000000000000000e+01
1.663392925399667766e+00 2.191412643506691182e+00 2.300000000000000000e+01
1.631594333699896815e+00 -1.098660760725356678e+00 2.330000000000000000e+02
1.624765767236140634e+00 -8.172841792973785102e-01 1.900000000000000000e+01
1.567206703389580902e+00 -1.196937661422118770e+00 2.190000000000000000e+02
1.506262587446953294e+00 1.613750870930964254e+00 2.140000000000000000e+02
1.493927965045325212e+00 6.499753573938589213e-01 2.320000000000000000e+02
1.390167085603579045e+00 -1.122366020727712854e+00 2.250000000000000000e+02
1.387207011819453495e+00 7.270276912693431903e-01 1.800000000000000000e+01
1.351934936055068981e+00 -1.228869986765256606e+00 2.280000000000000000e+02
1.267741903616501853e+00 5.840558124909686066e-01 2.170000000000000000e+02
1.242591373710234315e+00 -1.142402135554720033e+00 2.360000000000000000e+02
1.229843939184676271e+00 2.873117725155446944e+00 2.160000000000000000e+02
1.225673281832972528e+00 2.099824317595945011e+00 2.200000000000000000e+02
1.210724279065300557e+00 3.307776518750951134e-01 2.500000000000000000e+01
1.180221158706024731e+00 -1.218736248867860056e-01 3.500000000000000000e+01
1.070800006632955714e+00 4.554239230986890097e-01 4.900000000000000000e+01
1.058084586142644001e+00 6.167700235702674449e-01 3.000000000000000000e+01
1.054058718968569508e+00 2.087808048965678953e+00 2.240000000000000000e+02
1.037888906113904941e+00 2.107428934553488009e+00 2.700000000000000000e+01
9.801429108765594700e-01 2.281788095683572770e+00 2.260000000000000000e+02
9.657333088751332006e-01 2.649928004217370070e+00 3.600000000000000000e+01
9.226725756843229265e-01 2.921353153301793792e+00 3.200000000000000000e+01
8.869467128329614480e-01 -6.747763099939463327e-01 2.400000000000000000e+01
8.809333617877889155e-01 1.813555939625794311e+00 3.100000000000000000e+01
8.678558250755691317e-01 1.579182702005813121e+00 2.040000000000000000e+02
8.249664807721650561e-01 2.035794026128017631e+00 2.220000000000000000e+02
8.215255752690107105e-01 -1.434107984477931419e+00 2.150000000000000000e+02
6.722139395706140386e-01 -2.936973610035194859e+00 3.300000000000000000e+01
6.573693439797906324e-01 -3.057525096295616862e+00 5.000000000000000000e+01
6.427357693162698560e-01 1.232414942670795099e+00 4.200000000000000000e+01
6.359270356883529596e-01 4.785649340545400920e-01 2.000000000000000000e+02
6.199991147585186546e-01 -1.653091077921829744e+00 2.020000000000000000e+02
6.119758981262238828e-01 -7.043996430973351597e-01 2.210000000000000000e+02
5.450497434116957640e-01 -1.592676623533249236e+00 4.300000000000000000e+01
5.343452102346736288e-01 -1.747321544664415027e+00 2.130000000000000000e+02
5.205573931647269337e-01 1.601228417040094998e+00 2.180000000000000000e+02
5.133278735753233901e-01 -1.171595977544979572e+00 5.200000000000000000e+01
5.069507402731706636e-01 3.023231673688017374e+00 5.400000000000000000e+01
5.065471520825305385e-01 1.226819573919097461e+00 3.400000000000000000e+01
5.012654708836362660e-01 -1.350811423586660398e+00 2.120000000000000000e+02
4.847916925709829794e-01 2.672467377839431446e+00 4.800000000000000000e+01
4.834817581927359220e-01 2.405040045647306890e+00 4.000000000000000000e+01
4.785274467282035760e-01 1.699785824920649002e+00 1.850000000000000000e+02
4.742840415203719018e-01 -8.083642848266086034e-01 2.070000000000000000e+02
4.661697840247322477e-01 1.150274226681856637e+00 2.110000000000000000e+02
4.536117473443547210e-01 2.671908893640537297e+00 6.500000000000000000e+01
4.399980331263192435e-01 7.213999770293454405e-01 5.300000000000000000e+01
4.364628349739612667e-01 2.770324565442655373e+00 6.900000000000000000e+01
4.362887640232849251e-01 -1.195227461463786334e+00 3.700000000000000000e+01
4.342400049601533030e-01 -8.934610478706475067e-01 4.100000000000000000e+01
4.177985711936126334e-01 7.706837054247350771e-01 2.080000000000000000e+02
4.118985588809454534e-01 -2.578342969824818365e+00 2.050000000000000000e+02
4.097939428053354871e-01 -2.940041526429925112e-01 5.700000000000000000e+01
4.079697059786904778e-01 4.706645439836179001e-01 3.900000000000000000e+01
3.990914527117129795e-01 1.791799617050283677e+00 4.500000000000000000e+01
3.826119531507272131e-01 1.438039170626748797e+00 8.600000000000000000e+01
3.773311736150617435e-01 1.118509026691675068e+00 5.900000000000000000e+01
3.693424446095291969e-01 1.135430936858884410e+00 1.910000000000000000e+02
3.616407017087447384e-01 -3.654642363609376110e-01 4.700000000000000000e+01
3.509741859557192756e-01 -8.713140613516350275e-01 5.600000000000000000e+01
3.401944301837626639e-01 -6.819005035767811140e-01 2.100000000000000000e+02
3.363643054437324698e-01 2.873884449385700979e+00 1.780000000000000000e+02
3.331979249618367556e-01 1.800217609230915228e+00 5.500000000000000000e+01
3.317968814971996583e-01 2.289510751582790160e+00 2.230000000000000000e+02
3.135235487815835609e-01 1.903754743340788869e+00 1.720000000000000000e+02
3.044014910538318519e-01 -3.001730152866217693e+00 2.010000000000000000e+02
3.013975852140798328e-01 1.085950003795027596e+00 5.100000000000000000e+01
2.990248407936998976e-01 2.168283249596417495e+00 1.680000000000000000e+02
2.971691680378125144e-01 9.756061632762399460e-01 1.810000000000000000e+02
2.892542808755675932e-01 -3.762430698058646938e-01 7.000000000000000000e+01
2.890158045465864300e-01 -9.940774262879652490e-01 1.690000000000000000e+02
2.790848895865886692e-01 -1.642225828861006320e+00 1.840000000000000000e+02
2.762187991610250415e-01 2.568677197776679577e+00 7.900000000000000000e+01
2.703857993459477527e-01 -1.820993071732813995e+00 5.800000000000000000e+01
2.630743577429074387e-01 -1.634287759775737259e+00 1.920000000000000000e+02
2.567272131550569769e-01 3.016591335000257779e+00 1.000000000000000000e+02
2.541250859659281991e-01 3.109465687463501382e+00 2.060000000000000000e+02
2.500272176043286665e-01 -3.421664238614481879e-01 6.100000000000000000e+01
2.498667884569397424e-01 6.084438728096330101e-02 1.710000000000000000e+02
2.469741020278355681e-01 -1.804660220354375344e+00 1.730000000000000000e+02
2.468477080881988084e-01 -2.862504752105094141e+00 7.300000000000000000e+01
2.421730433817329831e-01 -2.714968668282862652e+00 8.300000000000000000e+01
2.350291296829573051e-01 -2.527256584491121671e+00 4.600000000000000000e+01
2.280019428006444526e-01 -5.365092796391339736e-01 9.900000000000000000e+01
2.279271547835463041e-01 -9.319163447785521193e-01 1.900000000000000000e+02
2.275617985049931680e-01 1.310924688152043105e+00 7.600000000000000000e+01
2.271773857827344700e-01 1.046057888323536078e+00 1.620000000000000000e+02
2.219108848237049403e-01 1.851723367364036088e+00 8.200000000000000000e+01
2.218002689491087864e-01 -1.028705033470763697e-01 6.600000000000000000e+01
2.200832899635896955e-01 -7.316502325070638468e-01 1.790000000000000000e+02
2.194144264063132843e-01 7.050197816714690591e-01 8.000000000000000000e+01
2.191671885338391246e-01 2.651093972871592985e+00 1.990000000000000000e+02
2.171016142862248477e-01 4.005044817223875064e-01 1.670000000000000000e+02
2.092254000196905328e-01 7.984448999491657872e-01 1.480000000000000000e+02
2.088724555186732279e-01 -1.408771267419111295e+00 8.500000000000000000e+01
2.063069572434320098e-01 -2.024555509199761349e+00 1.610000000000000000e+02
1.972856945771952475e-01 2.333389158144279829e+00 7.400000000000000000e+01
1.914306203384070759e-01 2.711839650052040085e+00 1.950000000000000000e+02
1.912696387473108439e-01 -1.251246781873188052e+00 7.500000000000000000e+01
1.882023008870801206e-01 1.124778985296306599e+00 1.890000000000000000e+02
1.874294806313250017e-01 -9.680241419499702182e-01 1.960000000000000000e+02
1.867695092082822805e-01 -2.265933665306490430e-01 1.860000000000000000e+02
1.852987714286980225e-01 1.548024707670928590e+00 2.030000000000000000e+02
1.837966715715107502e-01 1.762768283392383006e+00 2.090000000000000000e+02
1.791384778127992072e-01 -1.663604902148721143e+00 1.510000000000000000e+02
1.790414826738428444e-01 -9.558490180251819623e-01 6.300000000000000000e+01
1.787455231741746087e-01 2.333482274430419778e+00 1.640000000000000000e+02
1.714164227828289533e-01 1.978167821710649754e+00 1.390000000000000000e+02
1.683982571873342549e-01 7.020303435159888639e-02 2.600000000000000000e+01
1.680821986691286019e-01 -1.306648465702823003e+00 8.900000000000000000e+01
1.680088104911605928e-01 2.756673384240958757e+00 9.100000000000000000e+01
1.679274326540638185e-01 -1.325884618043801311e+00 8.100000000000000000e+01
1.678194046411521367e-01 5.819460910434096426e-03 1.980000000000000000e+02
1.644648159940306498e-01 -2.147669863654566136e+00 6.400000000000000000e+01
1.639613043807792991e-01 2.140516907515530864e-01 1.070000000000000000e+02
1.629803844426713777e-01 2.210162257921147955e+00 1.740000000000000000e+02
1.499675675555930676e-01 -3.520572190599695617e-01 1.770000000000000000e+02
1.475253312790838212e-01 -1.916101389753861017e+00 1.470000000000000000e+02
1.474073727166656800e-01 2.781122009068024870e+00 1.830000000000000000e+02
1.468547437015487456e-01 1.890322088139996914e+00 1.760000000000000000e+02
1.468298146149406291e-01 8.227563351974259698e-01 8.800000000000000000e+01
1.461279377381875799e-01 1.088307161844820126e+00 9.800000000000000000e+01
1.438327473819193125e-01 -3.032935568156957196e+00 7.700000000000000000e+01
1.431958711128522299e-01 -1.207120305470283261e+00 3.800000000000000000e+01
1.430326595942209567e-01 7.174067721022884259e-01 1.940000000000000000e+02
1.415789628547273749e-01 -2.394321097683334454e+00 1.550000000000000000e+02
1.363923948985380774e-01 1.203042099746630900e+00 1.580000000000000000e+02
1.341348971186137884e-01 1.772243672174319773e+00 1.430000000000000000e+02
1.339672029451488555e-01 4.632365800676613854e-01 7.800000000000000000e+01
1.331190421800971246e-01 1.156917873132528696e+00 1.150000000000000000e+02
1.328355662233451084e-01 -1.985795684523174343e+00 1.880000000000000000e+02
1.321105117969610665e-01 -2.937097164883190281e+00 1.320000000000000000e+02
1.314779841445491149e-01 2.016486440566591209e+00 2.800000000000000000e+01
1.289143370911760011e-01 -1.493524362872496791e+00 6.200000000000000000e+01
1.258883409705835454e-01 6.051398963094933858e-01 9.000000000000000000e+01
1.243732735044375259e-01 3.045321366704544008e+00 6.000000000000000000e+01
1.229254338553226605e-01 1.523886610476371528e+00 1.540000000000000000e+02
1.221680118855026781e-01 8.882896274185093644e-01 7.200000000000000000e+01
1.216483943775113347e-01 1.985475188331355501e+00 1.660000000000000000e+02
1.197558542973535950e-01 -1.051803273772770747e-01 1.590000000000000000e+02
1.187517507267985550e-01 1.707629044367892535e+00 1.820000000000000000e+02
1.181417553313849067e-01 -9.996707882518222066e-01 9.500000000000000000e+01
1.172069363183078222e-01 4.041358947794226886e-01 1.930000000000000000e+02
1.163749894843262578e-01 -2.835260207290982493e+00 1.280000000000000000e+02
1.158982205464992449e-01 1.150121686115338049e+00 9.400000000000000000e+01
1.147475882048529239e-01 -5.521664225000323667e-02 1.340000000000000000e+02
1.124487842829376139e-01 3.065364350712669772e+00 9.600000000000000000e+01
1.119194498610292104e-01 -2.475358235904712600e+00 1.060000000000000000e+02
1.115171503507964568e-01 -2.988507562238614135e+00 1.970000000000000000e+02
1.103440826880567049e-01 -1.263993960883562917e-01 1.030000000000000000e+02
1.099537835948279363e-01 1.135747344145987325e+00 8.400000000000000000e+01
1.099403025572676940e-01 1.913588257645083557e+00 1.260000000000000000e+02
1.080890186315555529e-01 2.574999329953044480e+00 1.020000000000000000e+02
1.070263889832918647e-01 -1.321159249920620615e+00 1.180000000000000000e+02
1.068089540228757406e-01 1.196578715860190156e+00 1.050000000000000000e+02
1.063870989969673830e-01 -1.524109883392418263e-01 1.360000000000000000e+02
1.062162541839083707e-01 3.061684305498298397e-01 6.800000000000000000e+01
1.054766390098157286e-01 -2.716471881815187839e+00 1.370000000000000000e+02
1.053454297495523689e-01 -2.398228580769981910e+00 1.420000000000000000e+02
1.041156643559661976e-01 6.709693630196718050e-01 9.700000000000000000e+01
1.033511590673736047e-01 2.574472644608658989e+00 1.870000000000000000e+02
1.009599335774355455e-01 2.579087969709406014e+00 1.560000000000000000e+02
9.893237595791427863e-02 1.667419033570093800e+00 1.080000000000000000e+02
9.852093677540489647e-02 1.116725436641370223e-01 1.010000000000000000e+02
9.811955449494896842e-02 2.357195871573449342e+00 1.350000000000000000e+02
9.790926884113083928e-02 -8.293784208656670431e-01 1.530000000000000000e+02
9.790791920431075879e-02 -1.881367365798322921e-01 9.300000000000000000e+01
9.239142888987457447e-02 1.641781317501341597e+00 1.490000000000000000e+02
9.152706616071933088e-02 -1.332184364671505694e+00 1.800000000000000000e+02
8.946559582622932993e-02 1.134144143144568684e+00 1.750000000000000000e+02
8.661951101280100651e-02 -1.771217189089105082e+00 1.630000000000000000e+02
8.296152403800864661e-02 2.487179044184439469e+00 1.460000000000000000e+02
8.231584399017391473e-02 -5.382726692721615525e-01 1.130000000000000000e+02
7.944992529427878647e-02 -3.106259907713351698e+00 1.100000000000000000e+02
7.856227463157287871e-02 -2.163787428123447487e+00 4.400000000000000000e+01
7.775984687354936531e-02 1.970618504834527940e+00 1.450000000000000000e+02
7.748785620317287515e-02 -2.845613199657017311e+00 1.700000000000000000e+02
7.736005085749234067e-02 -1.492253243072277691e+00 6.700000000000000000e+01
7.468218069766162370e-02 -2.199436265102211241e+00 1.570000000000000000e+02
7.459323408485697693e-02 1.721525311055662089e+00 1.120000000000000000e+02
7.401015546759776020e-02 2.211057165157218410e-02 1.300000000000000000e+02
7.274501380080514168e-02 -1.403550125536036974e+00 1.160000000000000000e+02
7.167296593652244807e-02 -7.530903792773366856e-01 1.090000000000000000e+02
6.973763850997366509e-02 2.897027124295540990e+00 7.100000000000000000e+01
6.902558400203549771e-02 -1.336926419701162105e-01 1.380000000000000000e+02
6.878466389321166718e-02 1.877442195320150331e+00 1.330000000000000000e+02
6.813892448559476234e-02 2.067037926873640075e+00 1.170000000000000000e+02
6.813422322024891009e-02 3.140671600840375000e+00 1.240000000000000000e+02
6.741215227502762863e-02 4.889169891592106132e-01 1.190000000000000000e+02
6.450652583000655860e-02 1.622504330976650921e+00 1.500000000000000000e+02
6.196836184059883318e-02 -1.190871230955795390e+00 9.200000000000000000e+01
5.641962814655288733e-02 -1.377787049935096653e-01 1.400000000000000000e+02
5.256170486175489737e-02 -2.827179032971642414e+00 1.140000000000000000e+02
5.134565815678902856e-02 -9.111531484736750119e-01 8.700000000000000000e+01
5.056050707727023641e-02 2.015388763242149217e+00 1.600000000000000000e+02
5.015392792875933425e-02 2.998100902165937498e+00 1.220000000000000000e+02
4.735152105703974157e-02 -6.850267132296490313e-01 1.440000000000000000e+02
4.623137107912779487e-02 -7.201045466772620918e-01 1.210000000000000000e+02
4.358367814628331255e-02 4.026053316688007122e-04 1.270000000000000000e+02
4.276491652244743952e-02 -1.110598272913617679e+00 1.410000000000000000e+02
4.264266328994552324e-02 1.535637940792534462e+00 1.290000000000000000e+02
3.491339505142644628e-02 3.035456238183389388e+00 1.040000000000000000e+02
3.142878297008043498e-02 -1.119114371043250511e+00 1.650000000000000000e+02
2.315324969242259917e-02 5.327754602323607758e-01 1.520000000000000000e+02
1.983704007459996532e-02 2.889350988121395791e-01 1.250000000000000000e+02
1.511978649659440586e-02 -1.379204793097019710e+00 1.110000000000000000e+02
1.171659736584510642e-02 -8.707062426363562091e-01 1.200000000000000000e+02
6.003342296611775993e-03 2.896091872764774422e+00 1.230000000000000000e+02
5.359135380934305047e-03 4.391562032293514495e-01 1.310000000000000000e+02
