1.127710519700532814e+03 4.959800839330952837e-01 0.000000000000000000e+00
2.144244858134196363e+02 -1.620392367146611390e+00 4.990000000000000000e+02
1.471766407542517925e+02 1.644618617632152002e+00 4.970000000000000000e+02
8.775067312372267736e+01 -1.347264512925191005e+00 1.000000000000000000e+00
7.696901424997224694e+01 4.409226748561657638e-01 4.980000000000000000e+02
7.287974300463211819e+01 -1.742620493453054253e+00 2.000000000000000000e+00
7.243132417248530430e+01 8.228334651274743505e-01 3.000000000000000000e+00
4.570978399500939560e+01 -2.000451187549314724e+00 4.960000000000000000e+02
4.558326170176619740e+01 -2.952007427424306218e+00 4.950000000000000000e+02
4.101997683634463243e+01 2.224634024329862569e+00 4.000000000000000000e+00
3.735346145823330488e+01 -2.181581224099860272e-01 5.000000000000000000e+00
3.566580036698221789e+01 -2.949634561294819157e+00 4.890000000000000000e+02
2.630764285076575959e+01 2.592604290859787053e+00 6.000000000000000000e+00
2.556526413983393198e+01 1.167051294178257231e-01 4.930000000000000000e+02
2.182887694678484181e+01 1.470130939355997812e+00 4.900000000000000000e+02
2.088136388573208535e+01 -2.059213368296974433e+00 4.920000000000000000e+02
1.826722445077414392e+01 1.226100090840676726e+00 4.910000000000000000e+02
1.656522103629690434e+01 1.062115005220467312e+00 8.000000000000000000e+00
1.584873968822500245e+01 -4.512345834968119473e-01 1.300000000000000000e+01
1.244166033971253071e+01 1.922045981657730385e-01 4.880000000000000000e+02
1.180693748066285664e+01 3.084167174241364329e+00 1.000000000000000000e+01
1.154059351294072577e+01 -2.580003739428845755e+00 1.500000000000000000e+01
1.124015355610162281e+01 2.150732072645598070e+00 9.000000000000000000e+00
1.073878345012379221e+01 2.662730016970024760e+00 7.000000000000000000e+00
1.073570552769996667e+01 -2.267822788610811546e+00 1.100000000000000000e+01
9.819698519183756247e+00 -1.641320546871673391e+00 4.830000000000000000e+02
8.836389488953905413e+00 -1.775398225624111426e+00 1.200000000000000000e+01
8.333672632689729909e+00 1.293084070624187287e+00 1.400000000000000000e+01
7.565128583369206794e+00 1.425843942590040436e+00 4.820000000000000000e+02
6.148569942648372866e+00 -2.912407588991167695e-01 4.810000000000000000e+02
6.051994785398129295e+00 1.967342383451303967e+00 4.870000000000000000e+02
6.037888637109683820e+00 -2.394513262876987625e+00 4.860000000000000000e+02
5.769457318248237598e+00 -1.797217236014422292e+00 2.000000000000000000e+01
5.411059218628959222e+00 -1.178698690899634194e+00 4.850000000000000000e+02
5.028535553411250802e+00 -3.080876627762657805e+00 2.400000000000000000e+01
4.892833700317300583e+00 6.823893168473132986e-01 4.940000000000000000e+02
4.723211734406427276e+00 -9.283101750059645496e-02 2.200000000000000000e+01
4.583645659256619709e+00 2.450637719432791517e+00 1.900000000000000000e+01
4.431719242231302758e+00 2.700020001977395445e+00 4.740000000000000000e+02
4.393978740596112154e+00 1.980542748856023438e+00 4.680000000000000000e+02
4.133683649220275313e+00 3.900156063108888016e-03 2.500000000000000000e+01
3.929857208667538959e+00 -1.222997286446960041e+00 1.700000000000000000e+01
3.765583298158884595e+00 3.616029944682078168e-02 4.640000000000000000e+02
3.724076172814099639e+00 1.444224506764977267e+00 4.660000000000000000e+02
3.662462079762585532e+00 1.822923111611140401e+00 4.700000000000000000e+02
3.577090620012032929e+00 1.775188330988370478e+00 4.720000000000000000e+02
3.505650613162092366e+00 1.644697382593113488e+00 4.840000000000000000e+02
3.503415768761306559e+00 2.351885595991269007e+00 4.670000000000000000e+02
3.470029115488564297e+00 2.128987149763541531e+00 4.650000000000000000e+02
3.405239388316961602e+00 2.730381459117597220e+00 2.100000000000000000e+01
3.231590129891632301e+00 6.938863805512616167e-01 1.800000000000000000e+01
3.102319611643824970e+00 -2.833378220055411845e+00 4.800000000000000000e+02
3.092886588284241345e+00 1.089193395899972217e+00 3.800000000000000000e+01
3.039394847931089494e+00 -8.939544522361552170e-01 4.710000000000000000e+02
2.782854005793242269e+00 1.141441675454178961e+00 5.500000000000000000e+01
2.780835649670675647e+00 2.614400733390839893e+00 5.100000000000000000e+01
2.732754441737965223e+00 -1.028841390809483114e+00 2.900000000000000000e+01
2.713811883636813249e+00 -2.797319717179324705e+00 2.300000000000000000e+01
2.604980725310766410e+00 -2.707543504090708542e+00 4.750000000000000000e+02
2.548070970922004186e+00 -2.831199543665838370e+00 4.700000000000000000e+01
2.484135374664623974e+00 -2.176666875303801429e+00 4.600000000000000000e+01
2.483487269304900380e+00 -2.243198246912733396e+00 2.600000000000000000e+01
2.426988682328552471e+00 2.859265460788555480e+00 4.530000000000000000e+02
2.330153497892779590e+00 -2.674738696459130871e+00 4.800000000000000000e+01
2.197049854529050883e+00 1.990763896587752560e-02 4.730000000000000000e+02
2.187649869075591003e+00 2.282844564366119933e+00 4.610000000000000000e+02
2.075090917714677463e+00 -1.666519300375265855e+00 6.000000000000000000e+01
2.052591700406368069e+00 -4.926372366472484554e-01 3.700000000000000000e+01
2.037254115589830494e+00 -2.030936803341964136e+00 4.780000000000000000e+02
1.970871634704881803e+00 1.021313844821698735e+00 3.100000000000000000e+01
1.854283128822619142e+00 -3.007458210051035419e+00 4.100000000000000000e+01
1.766966872253819210e+00 -2.498382303094984991e+00 4.540000000000000000e+02
1.759996685355022183e+00 -1.509100318914247119e+00 2.800000000000000000e+01
1.736532394023258874e+00 -2.875387153344071578e+00 4.900000000000000000e+01
1.714604868683530681e+00 1.636388852830000351e+00 4.000000000000000000e+01
1.712142366705809549e+00 -2.380496615084678691e+00 3.400000000000000000e+01
1.692777805821866099e+00 6.252618009859994830e-02 1.600000000000000000e+01
1.678050030343878340e+00 8.583345997392165527e-01 4.590000000000000000e+02
1.664898358609430140e+00 -1.472097118724637888e-01 5.400000000000000000e+01
1.620657314615998823e+00 -2.495870261918576638e+00 3.300000000000000000e+01
1.566333639564160940e+00 2.699428770882194240e+00 4.630000000000000000e+02
1.520874992245770718e+00 -2.573658245575304981e+00 6.500000000000000000e+01
1.513800611626870296e+00 4.237667265416109608e-01 5.700000000000000000e+01
1.503783540058081236e+00 1.827611299838457493e+00 4.790000000000000000e+02
1.491480189922127053e+00 2.292397564667003618e-01 3.000000000000000000e+01
1.473658329040483217e+00 2.225054533428399317e+00 3.900000000000000000e+01
1.438523042676300268e+00 -2.780727369954247852e+00 6.700000000000000000e+01
1.430503288974641185e+00 -9.310607000887071161e-01 4.760000000000000000e+02
1.404585182260200904e+00 2.013450794058758042e+00 5.000000000000000000e+01
1.347842762138671491e+00 5.740164944897124810e-01 4.600000000000000000e+02
1.340776429285245541e+00 2.789506482139648913e+00 4.520000000000000000e+02
1.311550760546508876e+00 2.359961234034086086e+00 6.100000000000000000e+01
1.309913757455858807e+00 2.855223247499627526e+00 2.700000000000000000e+01
1.285681644906351062e+00 -2.950713084201397773e+00 5.200000000000000000e+01
1.279266736739025578e+00 -2.585385703988401840e+00 5.800000000000000000e+01
1.263303642134672389e+00 -2.108383014816646028e+00 7.900000000000000000e+01
1.254801914793764350e+00 -1.968727845670793952e+00 4.480000000000000000e+02
1.244472360006097844e+00 -2.521707324749827617e+00 3.600000000000000000e+01
1.230826244831771721e+00 -2.603319295140344103e+00 4.550000000000000000e+02
1.230224756873322889e+00 -2.464072587592179175e+00 7.700000000000000000e+01
1.190351749925169234e+00 1.579539552877012198e+00 5.900000000000000000e+01
1.158417964731413230e+00 1.371800820668404697e+00 4.410000000000000000e+02
1.125682604592165514e+00 -2.940340606486343766e+00 4.570000000000000000e+02
1.109295593152498816e+00 -1.253304841323620078e+00 4.230000000000000000e+02
1.091406831725864279e+00 -2.767431205307818054e+00 4.470000000000000000e+02
1.083585088802994534e+00 2.777117682820754219e+00 4.770000000000000000e+02
1.069400388918527067e+00 -2.039818083891970502e-01 4.200000000000000000e+01
1.047813882929939489e+00 -2.640758393909297563e+00 4.460000000000000000e+02
1.039482328678946077e+00 9.580450444073420613e-01 3.810000000000000000e+02
1.019715838152212894e+00 -2.904336122161927936e+00 4.500000000000000000e+01
1.003739772874364666e+00 2.858898879934053117e+00 4.490000000000000000e+02
9.954455724528589178e-01 7.011331082683057714e-01 4.440000000000000000e+02
9.862932201382248465e-01 1.147864697044082671e+00 7.000000000000000000e+01
9.508603155028241272e-01 1.202466136489418913e+00 4.180000000000000000e+02
9.265534209032164625e-01 -9.791802545518706324e-01 4.510000000000000000e+02
9.133889883715446967e-01 8.167458610779982919e-01 4.580000000000000000e+02
9.059661736296326096e-01 2.078185981377778276e-03 4.270000000000000000e+02
8.613522516574838583e-01 6.313540856220323239e-01 4.400000000000000000e+02
8.589823990770746320e-01 -9.405667947540697904e-01 4.070000000000000000e+02
8.585723683258615901e-01 -4.355290036361222361e-01 4.360000000000000000e+02
8.567560531860904938e-01 -1.691864452098116534e+00 4.340000000000000000e+02
8.461936050169388546e-01 4.665433903404532234e-01 8.200000000000000000e+01
8.373449208885207495e-01 8.575164272055116887e-01 4.280000000000000000e+02
8.371281066893597744e-01 -1.038810291994227919e+00 4.430000000000000000e+02
8.188890078153715502e-01 -3.088349615073539667e+00 6.300000000000000000e+01
7.919066099547100723e-01 -8.343016919828167843e-01 4.420000000000000000e+02
7.908730366436850234e-01 -1.249762679565883605e+00 4.240000000000000000e+02
7.862031249479934925e-01 -1.524564996978393205e+00 4.330000000000000000e+02
7.796513398658388994e-01 -1.460539859429475174e+00 9.100000000000000000e+01
7.578055182036393944e-01 -1.787501336917644845e-01 4.300000000000000000e+01
7.576587611621647955e-01 4.293617113315701395e-01 8.100000000000000000e+01
7.296006295732224700e-01 -8.655486245272436818e-01 4.690000000000000000e+02
7.287436031102073608e-01 -2.995938275024064290e-01 6.200000000000000000e+01
7.139608871139421220e-01 -3.116777775541255568e+00 3.850000000000000000e+02
7.129273513251640493e-01 4.734219889836135953e-02 9.900000000000000000e+01
7.025744409547874936e-01 3.013406244552662705e-01 3.820000000000000000e+02
6.950678885230876514e-01 -7.262870201290930749e-01 9.000000000000000000e+01
6.933681233338198080e-01 -1.292257895498603260e+00 4.350000000000000000e+02
6.928494329519251371e-01 1.212998363366144972e+00 7.300000000000000000e+01
6.905576938576917234e-01 8.755657081998655666e-01 7.600000000000000000e+01
6.729924411148140440e-01 -1.129246854270953282e+00 4.220000000000000000e+02
6.709445699539381414e-01 -1.853339510612264762e+00 7.800000000000000000e+01
6.610795635441830687e-01 -1.945199672893611842e+00 9.500000000000000000e+01
6.491421427946509892e-01 1.729063275358051710e+00 7.200000000000000000e+01
6.478856058460186196e-01 -2.133475157073250639e+00 4.050000000000000000e+02
6.410521165244260633e-01 1.090008722213511305e+00 4.170000000000000000e+02
6.401470406228660925e-01 -7.289188212502483166e-01 1.010000000000000000e+02
6.306629432996294637e-01 1.082626301180413392e-01 4.620000000000000000e+02
6.262415016353165553e-01 2.985781592338088153e+00 5.300000000000000000e+01
6.237231190209573395e-01 1.061740120572104429e+00 9.400000000000000000e+01
6.216420522492862588e-01 8.303365213363979036e-01 4.190000000000000000e+02
6.185500140073962871e-01 -1.102652747896150531e+00 8.600000000000000000e+01
6.140576333379426099e-01 -4.943865596286263209e-01 6.400000000000000000e+01
6.061239296304727908e-01 -2.698885186211029019e+00 4.310000000000000000e+02
6.053192649499439248e-01 2.675816754642891926e+00 3.750000000000000000e+02
5.984589732850733590e-01 -2.087002417103687613e+00 4.110000000000000000e+02
5.919961274768014148e-01 -6.651620911305523576e-01 8.000000000000000000e+01
5.786237366017904504e-01 -6.768998847106669770e-01 1.100000000000000000e+02
5.771723955209909773e-01 1.089771568805000257e+00 4.200000000000000000e+02
5.761835524052967283e-01 -5.004601132531627528e-01 6.900000000000000000e+01
5.734827201930908780e-01 -7.408329113726409565e-01 3.830000000000000000e+02
5.729693479627087083e-01 5.137969367165472478e-01 9.200000000000000000e+01
5.665802643666030258e-01 2.515973156012151879e+00 9.300000000000000000e+01
5.625811254633658054e-01 2.390447561302609270e+00 8.700000000000000000e+01
5.613726289107516809e-01 4.660631784119025345e-01 4.000000000000000000e+02
5.612103357076988486e-01 1.223090290885784581e+00 4.020000000000000000e+02
5.574983075118256082e-01 -1.692771712004215168e+00 3.910000000000000000e+02
5.508043076073612099e-01 -1.915058739076128225e+00 3.990000000000000000e+02
5.499841989262834741e-01 -8.820729760399578234e-01 4.140000000000000000e+02
5.431158879942692419e-01 -2.482936302799167549e+00 3.730000000000000000e+02
5.406882272271850143e-01 -1.882365354567586468e+00 9.700000000000000000e+01
5.300256697978952269e-01 -3.127512750888991278e+00 8.400000000000000000e+01
5.296316672164000927e-01 -2.946018359336894488e+00 1.050000000000000000e+02
5.279855549181029506e-01 -2.187139672675893820e+00 3.930000000000000000e+02
5.257754273547788904e-01 -1.261581664776215028e+00 4.320000000000000000e+02
5.184741718712853054e-01 2.271900741106359423e+00 4.010000000000000000e+02
5.179055528652699580e-01 -5.937470627834658954e-01 3.500000000000000000e+01
5.171661207273126060e-01 -1.700752071731014503e+00 3.920000000000000000e+02
5.142003168665657542e-01 -2.981808996938723477e-01 4.160000000000000000e+02
5.137996485189096907e-01 3.125999663291343822e+00 3.740000000000000000e+02
5.019787861061028034e-01 2.271573177382526065e+00 1.120000000000000000e+02
4.958047877535955439e-01 2.574532324268757222e+00 3.860000000000000000e+02
4.905726349283077714e-01 -1.832878443293787907e+00 3.840000000000000000e+02
4.730902724174568807e-01 -2.630563528682124286e+00 4.400000000000000000e+01
4.729467723941587209e-01 -2.101427683382577349e+00 8.500000000000000000e+01
4.645351115027387956e-01 -4.794142766964014091e-01 1.080000000000000000e+02
4.627805652295711170e-01 2.940567107782656731e+00 1.160000000000000000e+02
4.603882158066991970e-01 2.505345032659905824e-01 1.110000000000000000e+02
4.569650577530229851e-01 -2.735338009361089728e+00 1.060000000000000000e+02
4.550039716741071660e-01 1.088113469527966171e+00 1.000000000000000000e+02
4.534470006475846970e-01 1.111279464419175911e+00 1.260000000000000000e+02
4.521575461083524039e-01 2.534019857321172076e+00 1.150000000000000000e+02
4.407414415106529759e-01 -4.148340694021910857e-01 4.260000000000000000e+02
4.383681368291674763e-01 -1.398123159216435596e+00 3.980000000000000000e+02
4.381685196872892596e-01 -1.019104219870222039e+00 8.800000000000000000e+01
4.373823855812843386e-01 -3.400725242501871359e-01 3.610000000000000000e+02
4.273643507668817842e-01 1.868901877357340480e+00 4.290000000000000000e+02
4.214131285444418507e-01 1.709824043134069882e+00 3.800000000000000000e+02
4.208868935279503343e-01 -5.224113265244157978e-01 3.900000000000000000e+02
4.160611116709199697e-01 -1.386285304238675353e+00 3.430000000000000000e+02
4.144832724714655470e-01 1.457708620796731802e+00 4.560000000000000000e+02
4.135040332798493035e-01 1.880246611236778387e+00 4.040000000000000000e+02
4.088469360340780123e-01 -9.536967891434435796e-01 4.250000000000000000e+02
4.014889061887471078e-01 -1.974017838262039914e+00 3.200000000000000000e+01
3.963657131011413814e-01 2.590141776793610351e+00 3.510000000000000000e+02
3.943389820787558953e-01 8.734883890716059474e-02 3.890000000000000000e+02
3.888557426271315731e-01 -3.678357636445698797e-01 1.090000000000000000e+02
3.859621082830479999e-01 -2.767475359595694240e+00 3.640000000000000000e+02
3.831625333175473491e-01 1.979149401915558437e+00 3.970000000000000000e+02
3.818201130101663288e-01 -1.438547474391098868e+00 3.440000000000000000e+02
3.805810053430486728e-01 3.025886343860414218e+00 3.950000000000000000e+02
3.742996763061771648e-01 2.565993893601015596e+00 1.040000000000000000e+02
3.737787539388235380e-01 -1.486587307353159082e-01 4.210000000000000000e+02
3.668598586176603504e-01 -1.561330395591859599e+00 3.450000000000000000e+02
3.660955089027442266e-01 6.746935947677051848e-01 3.600000000000000000e+02
3.636672587010100766e-01 1.307092935940166845e+00 9.600000000000000000e+01
3.626360778816682395e-01 -1.231768943199385680e+00 1.290000000000000000e+02
3.500879156995809205e-01 -1.020884066756270636e+00 3.620000000000000000e+02
3.476794657749843198e-01 1.926027695875833334e+00 4.300000000000000000e+02
3.453572743644070520e-01 -3.072612916876262812e+00 3.720000000000000000e+02
3.353918019682086138e-01 4.399111214830520034e-01 1.600000000000000000e+02
3.309936970273566481e-01 2.494471366292065451e+00 3.790000000000000000e+02
3.297076019213582843e-01 -1.426899753917182101e-01 3.960000000000000000e+02
3.292456645144986593e-01 -1.777242239475076646e+00 1.380000000000000000e+02
3.232361391643263082e-01 -7.816883758141708327e-01 3.780000000000000000e+02
3.218357597755867050e-01 2.420960441426220022e+00 3.690000000000000000e+02
3.201007330077025870e-01 2.813066879363241846e-01 6.800000000000000000e+01
3.172542827608121896e-01 2.874048219394464088e+00 3.940000000000000000e+02
3.111009047038527653e-01 2.341938325352862726e+00 8.300000000000000000e+01
3.097129317361692613e-01 1.395581140442102575e+00 5.600000000000000000e+01
3.086680810603378844e-01 -1.844339223846812148e+00 4.100000000000000000e+02
2.978015452584834577e-01 -1.363708324316060261e-01 1.280000000000000000e+02
2.909188331334140454e-01 -3.005512543001492176e+00 1.240000000000000000e+02
2.898120820979402379e-01 -2.673573831857066985e+00 4.090000000000000000e+02
2.888674356705157042e-01 2.120832981868852884e-01 7.500000000000000000e+01
2.859460363735786825e-01 2.135014433862149286e+00 3.870000000000000000e+02
2.813029195698957263e-01 -2.445406981022348880e+00 3.650000000000000000e+02
2.785326306608305602e-01 2.113464762038077094e+00 3.700000000000000000e+02
2.755116010211486888e-01 2.072382351986965077e+00 1.760000000000000000e+02
2.743309724101565261e-01 -1.125612547148962667e-01 4.450000000000000000e+02
2.726660085484941543e-01 4.189703873474155404e-01 1.680000000000000000e+02
2.723190358396646582e-01 -1.163269480289217617e+00 7.400000000000000000e+01
2.705027309815716263e-01 2.328387377327215384e-03 6.600000000000000000e+01
2.701719012001091436e-01 3.031134404618848421e+00 4.120000000000000000e+02
2.688319106710648221e-01 -1.973179472911935628e+00 3.370000000000000000e+02
2.642789237484093889e-01 -6.490846485934620436e-01 7.100000000000000000e+01
2.624581943145704588e-01 -8.475371093841558290e-01 3.770000000000000000e+02
2.621752470049769634e-01 2.066852163168318768e+00 3.140000000000000000e+02
2.603194151402096757e-01 6.343079775370593643e-01 1.690000000000000000e+02
2.595586172546676118e-01 2.201234543386505038e+00 4.130000000000000000e+02
2.585974933373177409e-01 -3.097911442616913646e+00 1.220000000000000000e+02
2.567840350377081360e-01 5.135106403903102468e-01 4.370000000000000000e+02
2.553070649521416158e-01 1.724894903796607926e+00 1.800000000000000000e+02
2.533256937773057382e-01 3.130212255462223148e+00 1.180000000000000000e+02
2.502709000554512730e-01 -2.890507903135290935e+00 3.410000000000000000e+02
2.439378013215448837e-01 -1.100427037868872748e+00 2.040000000000000000e+02
2.436991452987568862e-01 2.546697297846847619e+00 1.200000000000000000e+02
2.417741217596660330e-01 -3.058149156297193638e+00 4.030000000000000000e+02
2.402441116963538181e-01 4.808822023721166516e-01 1.710000000000000000e+02
2.383462833560842931e-01 2.322252265780548885e+00 4.380000000000000000e+02
2.368634994247661718e-01 1.745196712819311990e+00 2.140000000000000000e+02
2.358999899281399859e-01 2.591021258820348283e+00 1.880000000000000000e+02
2.287934261602171671e-01 4.498094529430163996e-02 1.650000000000000000e+02
2.271997092042793986e-01 1.646177970094083287e+00 3.290000000000000000e+02
2.269190599440624456e-01 1.568997361795525736e+00 1.610000000000000000e+02
2.258676506376805504e-01 7.453517786627141817e-01 1.270000000000000000e+02
2.249211810984181048e-01 1.104344128905378142e+00 3.060000000000000000e+02
2.232843064221941565e-01 4.167489831405139511e-01 1.020000000000000000e+02
2.209283929823398218e-01 -1.358633155887932986e+00 3.560000000000000000e+02
2.206643009108154030e-01 -4.905251938851041826e-01 4.500000000000000000e+02
2.194712672298071987e-01 -2.320883755207414190e+00 3.570000000000000000e+02
2.192754536069221605e-01 1.390010488759173768e+00 3.130000000000000000e+02
2.165728369320143176e-01 -6.430868911288436518e-01 1.570000000000000000e+02
2.139281279089244592e-01 2.783557245611525399e+00 2.820000000000000000e+02
2.115559776767853839e-01 1.810163871070654462e+00 2.250000000000000000e+02
2.103552796958102766e-01 -2.506658026742376144e+00 1.360000000000000000e+02
2.082898501497318644e-01 2.987191650904800877e+00 1.350000000000000000e+02
2.057228901670123122e-01 3.720695118876054530e-01 4.390000000000000000e+02
2.016467732667872048e-01 3.249557580333639617e-01 1.450000000000000000e+02
1.988995432620043469e-01 -2.175084501823514316e+00 1.210000000000000000e+02
1.984266340985462451e-01 -1.701407615903974602e+00 3.630000000000000000e+02
1.971918286061797865e-01 -1.125431587621989138e+00 3.340000000000000000e+02
1.967113868923824616e-01 2.142421822802327736e+00 2.270000000000000000e+02
1.964035645076358527e-01 -1.116332203374102328e+00 1.400000000000000000e+02
1.931138283844512638e-01 -2.457874196522837451e+00 3.390000000000000000e+02
1.925422039417525599e-01 -1.320604224056970144e-01 1.590000000000000000e+02
1.924753745051732967e-01 2.875641653750398152e+00 1.870000000000000000e+02
1.917951219128974927e-01 -1.064644158325011913e+00 2.060000000000000000e+02
1.855104937972879009e-01 -2.461180016102077150e+00 1.410000000000000000e+02
1.848842653910072742e-01 2.473199113823965511e+00 2.800000000000000000e+02
1.840427746059883629e-01 7.809712699544419934e-01 1.910000000000000000e+02
1.809580456024435235e-01 -2.334482111831245543e+00 1.070000000000000000e+02
1.807955242275851304e-01 -2.344541143074807987e+00 2.000000000000000000e+02
1.806368895326238844e-01 1.528633792761929566e+00 1.330000000000000000e+02
1.783025826418674076e-01 -2.758898485911518872e+00 3.230000000000000000e+02
1.779260473287061495e-01 2.819316217858435891e+00 3.400000000000000000e+02
1.763642217633142051e-01 -8.548406190206983002e-01 3.260000000000000000e+02
1.747987101095347107e-01 9.368363063284875780e-01 1.670000000000000000e+02
1.745388517640295289e-01 2.123699592112113788e+00 3.590000000000000000e+02
1.728258138999098081e-01 -3.025461256759873319e+00 1.300000000000000000e+02
1.727923255654094659e-01 -1.930292384566952624e+00 2.770000000000000000e+02
1.706190175919080343e-01 -5.814321602804276568e-01 3.670000000000000000e+02
1.700487410340028038e-01 1.413890968019055228e+00 2.480000000000000000e+02
1.695403548946707861e-01 1.911456681153503867e+00 3.530000000000000000e+02
1.691000638189573968e-01 -2.068483927415896151e+00 3.320000000000000000e+02
1.663200491805512660e-01 -2.545954108399686167e-01 1.730000000000000000e+02
1.653364498388712189e-01 1.037905333670570363e+00 1.740000000000000000e+02
1.641880976116399382e-01 1.411994475234131130e+00 2.260000000000000000e+02
1.641821698158873188e-01 1.793572479707504330e+00 3.110000000000000000e+02
1.641575577977116285e-01 2.846493344492087463e+00 1.460000000000000000e+02
1.635632656537941154e-01 2.808036849788571487e+00 2.790000000000000000e+02
1.634404271133123310e-01 -4.726799335631484134e-01 3.360000000000000000e+02
1.626442161186286151e-01 -2.135112809230354625e+00 3.880000000000000000e+02
1.603299171329672923e-01 -9.189648431097710568e-02 1.530000000000000000e+02
1.598573234205437066e-01 -2.497745429819636875e+00 2.410000000000000000e+02
1.595055487308819075e-01 1.873804137089500055e-01 1.250000000000000000e+02
1.590966041623435301e-01 -2.413364659467500228e+00 3.100000000000000000e+02
1.585805901880956437e-01 -1.505601193955984352e-01 1.580000000000000000e+02
1.577342138196205779e-01 -6.151196478793991007e-01 3.490000000000000000e+02
1.576642073628508889e-01 2.645283603287228669e+00 1.790000000000000000e+02
1.570507687995875701e-01 -2.273813246568970214e+00 1.420000000000000000e+02
1.562624525171471268e-01 -3.097665362667755051e+00 8.900000000000000000e+01
1.561578970140479750e-01 2.514463613813978871e+00 3.310000000000000000e+02
1.557647176567525105e-01 3.061612498555409623e+00 2.940000000000000000e+02
1.547956439595463696e-01 1.993486961434014049e+00 3.200000000000000000e+02
1.539633522187652259e-01 -2.866883489515489103e+00 2.560000000000000000e+02
1.538787832666548838e-01 7.841433153591621519e-01 3.660000000000000000e+02
1.527762680194679201e-01 -6.914549562883612888e-01 3.270000000000000000e+02
1.517404273265564318e-01 2.587059382079144765e+00 1.470000000000000000e+02
1.497598984832944347e-01 2.529522321417066344e+00 1.780000000000000000e+02
1.496663746325572752e-01 -3.118366898270250598e+00 1.770000000000000000e+02
1.491385489239702988e-01 -2.675227909646226809e+00 1.560000000000000000e+02
1.488099917971667796e-01 8.128722490547564128e-01 3.180000000000000000e+02
1.480705887536035714e-01 2.934358060895407849e+00 3.580000000000000000e+02
1.478501839468977785e-01 1.324599916202485739e+00 1.890000000000000000e+02
1.467691286361108294e-01 -2.331615845695078626e+00 2.360000000000000000e+02
1.465966750594310253e-01 2.839040898983472783e+00 2.870000000000000000e+02
1.460820697689907965e-01 1.824250082246176019e+00 2.160000000000000000e+02
1.447869302642737221e-01 -2.492353521924432602e+00 1.480000000000000000e+02
1.441649118233089555e-01 -2.214695581427138293e+00 1.830000000000000000e+02
1.440335075139112797e-01 1.243506052570285236e+00 2.570000000000000000e+02
1.424155298889903942e-01 -3.630890150606543715e-02 2.170000000000000000e+02
1.421919350654029801e-01 -3.024288140802098734e+00 4.150000000000000000e+02
1.397272121329731775e-01 9.148051415562669098e-01 3.470000000000000000e+02
1.381639994672849980e-01 -2.907998522333982816e+00 1.370000000000000000e+02
1.369515315818639056e-01 1.576615016996772978e+00 3.120000000000000000e+02
1.358343399516739880e-01 6.773069094608735741e-01 1.660000000000000000e+02
1.345927585686909622e-01 2.021461268319661997e+00 3.300000000000000000e+02
1.333433361586492394e-01 1.686788256254716956e+00 2.470000000000000000e+02
1.326074193976138627e-01 2.431305519529111336e+00 2.330000000000000000e+02
1.310503913147508803e-01 -1.161021246671942730e+00 3.030000000000000000e+02
1.282983125760585874e-01 2.638565010095111241e+00 3.710000000000000000e+02
1.281523223859875604e-01 -3.029720495966399696e+00 1.140000000000000000e+02
1.281087742314387934e-01 2.405990521635076096e+00 3.250000000000000000e+02
1.265933275295883509e-01 -2.404131894905860545e+00 2.110000000000000000e+02
1.263266821682461905e-01 -7.358413082445779407e-01 3.460000000000000000e+02
1.254891685410786106e-01 -2.272599956311418090e+00 2.220000000000000000e+02
1.247331481555789823e-01 -1.919463387920857578e+00 1.230000000000000000e+02
1.241655528739069730e-01 -3.022196223387879854e+00 9.800000000000000000e+01
1.236583535312988924e-01 -2.930702917823061249e+00 2.460000000000000000e+02
1.232882743986700586e-01 -1.600751632443583095e+00 1.630000000000000000e+02
1.223929780569143894e-01 2.419123422342649654e+00 2.280000000000000000e+02
1.212855493951957714e-01 2.276916797633884659e+00 1.860000000000000000e+02
1.203799709685720171e-01 2.406447027433742836e+00 1.340000000000000000e+02
1.202980945465713519e-01 1.023956022270100519e+00 1.130000000000000000e+02
1.189589342609863598e-01 2.246834401994308728e+00 2.450000000000000000e+02
1.189492408732671785e-01 -2.414949192524018962e+00 1.750000000000000000e+02
1.187959768906754338e-01 -1.102688076333918188e+00 1.980000000000000000e+02
1.183261370649418137e-01 1.208571683634910299e+00 2.880000000000000000e+02
1.182893162105925072e-01 1.811358713621786798e+00 1.620000000000000000e+02
1.180670265639596900e-01 7.886663124362129906e-01 1.510000000000000000e+02
1.157752308026122057e-01 2.970222401874861085e+00 2.210000000000000000e+02
1.151956974732579186e-01 -2.906806642436217558e+00 2.200000000000000000e+02
1.144717926918762535e-01 -1.046603379747221174e+00 1.310000000000000000e+02
1.122798412403950147e-01 1.942082110639556713e+00 2.830000000000000000e+02
1.109414317071889533e-01 -1.600130331682232621e+00 1.950000000000000000e+02
1.095362199327331171e-01 -1.822461592679250009e+00 1.320000000000000000e+02
1.095343955406886671e-01 7.217920520812887153e-01 2.970000000000000000e+02
1.091255694180395391e-01 2.530635974778551400e+00 2.780000000000000000e+02
1.073706499765305356e-01 1.332005709426009155e+00 4.080000000000000000e+02
1.071486861449242045e-01 4.517385394820576106e-01 2.180000000000000000e+02
1.063352548695200017e-01 -2.650105975472328845e-01 1.930000000000000000e+02
1.041237651098982642e-01 -1.945696107100156169e+00 3.500000000000000000e+02
1.033589182051653926e-01 9.543737791746381705e-01 2.590000000000000000e+02
1.014430643251868491e-01 2.998307038930188462e+00 2.810000000000000000e+02
1.013995796198502441e-01 2.269434772815058232e-01 1.840000000000000000e+02
9.997074669769522026e-02 -2.081095717178882865e+00 2.910000000000000000e+02
9.855181652151870364e-02 -4.724635271251522162e-01 1.720000000000000000e+02
9.735973887665580473e-02 -2.976827136223597403e+00 1.550000000000000000e+02
9.692513854699096043e-02 1.722484638813373659e+00 3.050000000000000000e+02
9.653250957819797806e-02 5.820966884912303074e-01 2.980000000000000000e+02
9.636208427158543532e-02 -4.275594225625587580e-02 1.030000000000000000e+02
9.527116524196643788e-02 -2.362779308717359417e+00 2.690000000000000000e+02
9.519099345769285736e-02 -2.179438761161762717e+00 2.680000000000000000e+02
9.387023186301236832e-02 -5.023056578245063131e-01 3.380000000000000000e+02
9.350156184583620356e-02 -4.072716157160393147e-01 2.440000000000000000e+02
9.339715961133486510e-02 1.632746819021211548e+00 1.700000000000000000e+02
9.244317276498033309e-02 2.734144128624513392e+00 2.540000000000000000e+02
9.240530626284026994e-02 -1.369462994981439641e+00 1.640000000000000000e+02
9.227346413382918333e-02 -1.320815280282378934e+00 2.640000000000000000e+02
9.176587800282375029e-02 6.438902686903551498e-01 3.680000000000000000e+02
9.145354258102550427e-02 -2.592004486624133630e+00 2.370000000000000000e+02
9.016877241630197326e-02 -1.985138439938681554e+00 1.850000000000000000e+02
8.991054609656205787e-02 -5.050025928844259493e-01 4.060000000000000000e+02
8.989709861357192411e-02 -7.255271708961174015e-01 2.900000000000000000e+02
8.965022428693383838e-02 -2.341313191281886752e+00 2.700000000000000000e+02
8.964339574910873409e-02 8.028262669533651197e-01 1.190000000000000000e+02
8.749324330098620650e-02 2.391659369403425384e+00 3.190000000000000000e+02
8.747953717415146713e-02 -6.302546796954645592e-01 2.750000000000000000e+02
8.498428157703154240e-02 2.128373870416738978e+00 2.150000000000000000e+02
8.496645394095099502e-02 -2.894901316843867978e+00 1.960000000000000000e+02
8.481558235585796857e-02 -1.912751011640017040e+00 2.020000000000000000e+02
8.461260953175840649e-02 -1.911641156481250103e+00 3.330000000000000000e+02
8.242802216934382031e-02 1.613782912978174888e+00 3.160000000000000000e+02
8.210760126615963828e-02 4.747951253014947581e-01 2.190000000000000000e+02
8.084235447271606589e-02 2.839055970248959060e+00 2.990000000000000000e+02
7.978912064518602076e-02 -2.419877875775924281e+00 1.990000000000000000e+02
7.793450537714725901e-02 -2.421907883498678693e+00 2.920000000000000000e+02
7.751300171603466016e-02 1.178956695057735149e-01 1.520000000000000000e+02
7.678895233296569034e-02 -1.047896198245137800e+00 2.620000000000000000e+02
7.581060251553355112e-02 9.165064877125526088e-01 3.240000000000000000e+02
7.524631400001385861e-02 2.134042362927601744e+00 2.730000000000000000e+02
7.507058501605730350e-02 1.321360158048068278e+00 1.430000000000000000e+02
7.435990280936899399e-02 2.879395621793827242e+00 1.820000000000000000e+02
7.241107461055812378e-02 -3.109796027002976526e+00 2.230000000000000000e+02
7.234437556135651926e-02 -3.688687556252385757e-01 2.080000000000000000e+02
7.207114539246677054e-02 -7.214821494689882542e-01 2.030000000000000000e+02
7.204836958798097046e-02 -2.027827727198863728e-01 2.720000000000000000e+02
7.197611894771629992e-02 -2.573903906768291172e-01 2.850000000000000000e+02
7.187416964971606037e-02 -2.924453987135399391e+00 3.080000000000000000e+02
7.144171934533549706e-02 -2.711288457170291100e+00 2.950000000000000000e+02
7.111790458147812521e-02 -2.256424853466800329e+00 1.940000000000000000e+02
7.080987630641537300e-02 -8.452956739932148134e-01 1.390000000000000000e+02
7.061535003238446351e-02 2.941115516951234632e+00 1.810000000000000000e+02
6.974150024667026548e-02 1.451134659823723194e-01 3.540000000000000000e+02
6.939058653793035714e-02 1.861350227686223935e+00 1.490000000000000000e+02
6.925806123170312467e-02 1.369705722880962595e+00 2.710000000000000000e+02
6.839439905808789022e-02 -6.375458004639760201e-01 3.480000000000000000e+02
6.753595431977893471e-02 -2.851596615372893329e+00 2.930000000000000000e+02
6.581497885452594621e-02 2.132923088708718051e+00 2.420000000000000000e+02
6.555492231238292666e-02 9.715714326626783137e-01 3.070000000000000000e+02
6.475015200676341454e-02 2.536067615181980539e+00 2.610000000000000000e+02
6.454445571822003958e-02 -2.424730832919520296e+00 2.350000000000000000e+02
6.423901558018084434e-02 6.769752111017863783e-01 2.840000000000000000e+02
6.366706895988336057e-02 -1.913878724584132440e+00 2.310000000000000000e+02
6.171140911007033658e-02 2.208239955431327228e+00 2.960000000000000000e+02
6.124334073206477713e-02 1.698212977542582935e+00 2.520000000000000000e+02
5.751729590785541885e-02 1.872995216941473862e+00 2.340000000000000000e+02
5.742803429762616263e-02 2.146274035041184192e+00 2.890000000000000000e+02
5.724058078568924901e-02 -2.008578082144143906e+00 3.010000000000000000e+02
5.711311679559760712e-02 1.316296558358792668e+00 2.550000000000000000e+02
5.643240558208997143e-02 -2.734655524358814205e+00 2.090000000000000000e+02
5.523851070991730311e-02 -9.852833183218933089e-01 3.550000000000000000e+02
5.511905752538891895e-02 1.771367587069580418e+00 2.290000000000000000e+02
5.377564396485841336e-02 -1.348973391362603969e-01 2.130000000000000000e+02
5.210880066577028985e-02 2.576652465371608081e+00 2.580000000000000000e+02
5.197141535648219790e-02 -2.949486159649273187e+00 2.050000000000000000e+02
5.137798672491795948e-02 1.834861187652444769e+00 2.600000000000000000e+02
5.120899774254981940e-02 -2.577823333515197213e+00 1.540000000000000000e+02
5.093057237762132344e-02 5.052975624401111476e-01 3.150000000000000000e+02
4.945958700112580708e-02 -1.036736170199056506e+00 3.350000000000000000e+02
4.896037120372066787e-02 -2.016032628246378966e+00 3.210000000000000000e+02
4.831293293013583928e-02 -1.904129614130029680e+00 3.020000000000000000e+02
4.748231197695888806e-02 -1.725881245669678821e+00 3.040000000000000000e+02
4.686403137057667395e-02 -5.416761713136752920e-01 3.170000000000000000e+02
4.542867504786456123e-02 -2.494536175128784006e+00 3.000000000000000000e+02
4.257243688891505090e-02 -2.395469535705077480e+00 1.440000000000000000e+02
4.229471474682103965e-02 1.525492498845032907e+00 2.500000000000000000e+02
4.121931647584502201e-02 3.972644124709463764e-02 2.240000000000000000e+02
4.111418106246882143e-02 -2.318183965175974137e+00 1.900000000000000000e+02
4.036553814456547706e-02 -2.025659644722138886e+00 2.510000000000000000e+02
3.976564082045450782e-02 -2.512989176547864467e+00 2.400000000000000000e+02
3.913699735186990103e-02 -2.705698856098698979e+00 2.120000000000000000e+02
3.836628654522341447e-02 3.226934228939648541e-01 2.530000000000000000e+02
3.533451785895183606e-02 7.796221449102444523e-02 2.630000000000000000e+02
3.467497554498616408e-02 -1.760175530231307350e+00 2.010000000000000000e+02
3.439245826155064995e-02 2.176580684134526322e+00 2.490000000000000000e+02
3.206819979389328307e-02 1.425462221500716664e+00 2.070000000000000000e+02
3.193780580502168787e-02 -3.105425307563629111e+00 3.090000000000000000e+02
3.169480525132419013e-02 -1.213645515894250515e+00 2.100000000000000000e+02
3.014757951388992441e-02 -1.500484961827333263e+00 2.300000000000000000e+02
2.972584810843392072e-02 -1.376026266136433307e+00 3.280000000000000000e+02
2.804876639424881690e-02 2.055071741493912807e+00 3.220000000000000000e+02
2.771499064502297091e-02 2.399364832953103210e+00 2.740000000000000000e+02
2.647600219660381851e-02 3.027089565028574292e+00 1.170000000000000000e+02
2.621946572707848505e-02 -1.646659380976418730e+00 2.860000000000000000e+02
2.540875535824058465e-02 -4.811622455825145805e-01 2.390000000000000000e+02
2.435365273923052049e-02 -2.282357099333682360e+00 2.660000000000000000e+02
2.348209048746678282e-02 2.079618058959707305e+00 2.430000000000000000e+02
2.318497282037209825e-02 -2.970095224905541453e+00 3.760000000000000000e+02
2.311298009465049055e-02 1.021871891263503418e+00 2.650000000000000000e+02
1.726416184953642741e-02 2.064482352161485679e+00 1.920000000000000000e+02
1.670160830698023263e-02 -2.108995638896167257e+00 1.500000000000000000e+02
1.534902644015109958e-02 -1.396176713780392209e+00 3.520000000000000000e+02
1.155983944093556121e-02 -2.392802433285109664e+00 2.670000000000000000e+02
1.003815928777277398e-02 -1.843837122033961329e+00 1.970000000000000000e+02
9.533672743624587234e-03 9.906816630357724307e-01 2.380000000000000000e+02
9.425042457003918878e-03 -8.750267826382734926e-01 2.320000000000000000e+02
7.023651385234502831e-03 -8.055561241773313563e-01 3.420000000000000000e+02
4.599586678317803094e-03 2.472430459930077706e+00 2.760000000000000000e+02
