2.878223491159218383e+02 7.710136474797076866e-01 0.000000000000000000e+00
1.278778901227097577e+02 -1.743471314874011080e-01 2.490000000000000000e+02
5.536843865688162936e+01 1.707423717458592116e-01 1.000000000000000000e+00
3.383056413561730125e+01 -2.271334988888388917e+00 5.000000000000000000e+00
2.161628417007904446e+01 -5.236229211304184172e-01 2.470000000000000000e+02
2.051786623248917962e+01 -8.704389753342368641e-01 2.450000000000000000e+02
1.233259687941315264e+01 1.248447002578253473e+00 2.390000000000000000e+02
7.376329115506280232e+00 -2.955964312467863842e+00 2.330000000000000000e+02
5.402278836914434557e+00 -2.427532768132037777e+00 4.000000000000000000e+00
4.420599066961962365e+00 1.183440552412375446e+00 7.000000000000000000e+00
4.413817947386915463e+00 -1.591155766072601674e+00 2.410000000000000000e+02
3.954304101641465952e+00 1.457570286978614238e+00 2.400000000000000000e+02
3.590758509533213516e+00 1.878685803329387616e+00 1.100000000000000000e+01
3.251180098913025063e+00 1.001542425865170838e+00 6.000000000000000000e+00
2.958641844793032494e+00 1.518608173640538572e+00 9.000000000000000000e+00
2.764633254550593833e+00 2.967293825745673796e+00 2.310000000000000000e+02
2.398545468712691253e+00 -1.435107001508073354e+00 2.420000000000000000e+02
2.350646967318909653e+00 9.529519808152212557e-01 2.370000000000000000e+02
2.281588335562446002e+00 2.245034636034096032e+00 2.270000000000000000e+02
2.144119052355677901e+00 7.704605190531086389e-01 2.360000000000000000e+02
2.119700956606174191e+00 3.035586568378373373e-01 2.000000000000000000e+00
2.108646026684436237e+00 2.139648418151529174e+00 2.440000000000000000e+02
2.011237831252623565e+00 -2.163742712848647720e+00 2.380000000000000000e+02
1.860732323886997275e+00 5.916058580676055723e-01 2.350000000000000000e+02
1.846378095895335525e+00 -2.824509117588765328e+00 2.340000000000000000e+02
1.692968721641378016e+00 1.992182168574146317e+00 2.430000000000000000e+02
1.608366212271729490e+00 2.504660599955414568e+00 2.460000000000000000e+02
1.577621367317051826e+00 6.886389940190461578e-01 2.180000000000000000e+02
1.536836292766013301e+00 1.182254374404270392e+00 2.210000000000000000e+02
1.393101354562690686e+00 -4.983597539981019509e-01 1.500000000000000000e+01
1.210061564188049887e+00 -1.987230330166794401e+00 2.200000000000000000e+02
1.178123299934066504e+00 2.701196738080648974e+00 2.110000000000000000e+02
1.170060579804380163e+00 1.708539494606478859e-01 2.150000000000000000e+02
1.103160760697350584e+00 -5.264457085733422748e-01 3.300000000000000000e+01
1.029470596601045340e+00 -6.849643508578654449e-01 3.200000000000000000e+01
9.885110871884978945e-01 -2.188767599075112646e-01 2.300000000000000000e+02
9.504405517248567525e-01 -1.641763529171134106e+00 8.000000000000000000e+00
9.373701536141320068e-01 8.053065297589210303e-01 2.300000000000000000e+01
9.354452293213233460e-01 -1.910488793855535383e-01 2.130000000000000000e+02
9.332836182610568798e-01 -3.006049894632792707e+00 1.900000000000000000e+01
8.643484201990538907e-01 3.875363927753379123e-01 3.000000000000000000e+00
8.487913824155679521e-01 -1.246133753899047791e+00 1.000000000000000000e+01
7.422695725708879921e-01 9.433576965342138632e-01 4.200000000000000000e+01
7.378708127245034998e-01 2.388684352430162416e+00 2.090000000000000000e+02
7.152623094633684397e-01 2.114224592104148925e+00 1.300000000000000000e+01
7.034825679110527918e-01 -7.366252851848413830e-01 4.900000000000000000e+01
6.988246565842299862e-01 -1.649362051548864394e-01 3.500000000000000000e+01
6.392875491048178871e-01 2.920899821783928263e-01 5.500000000000000000e+01
5.974178120162433325e-01 1.798556217692645287e+00 2.250000000000000000e+02
5.856192481175876985e-01 2.177793475649860699e+00 3.100000000000000000e+01
5.757619178324647757e-01 1.996696984086302251e+00 3.000000000000000000e+01
5.649571795733723256e-01 -1.199413826511342568e-01 7.100000000000000000e+01
5.606311005132822434e-01 -1.928999475369425509e+00 4.300000000000000000e+01
5.602312875464683373e-01 2.909770724346568471e+00 1.700000000000000000e+01
5.572766525020361739e-01 -9.933026150647925601e-01 2.080000000000000000e+02
5.464579752705849280e-01 -3.427254758513328253e-02 3.600000000000000000e+01
5.134172439783858399e-01 -5.683725607351283182e-01 1.400000000000000000e+01
5.104916761259926661e-01 -1.403130813799637222e+00 2.230000000000000000e+02
4.968661675424816404e-01 -1.300784748365740429e+00 2.800000000000000000e+01
4.897183979252114350e-01 1.853066735827198830e+00 4.800000000000000000e+01
4.835473816140082315e-01 4.546969963308362117e-01 5.600000000000000000e+01
4.781740861834042899e-01 1.221739412281942716e+00 2.030000000000000000e+02
4.750019518646120820e-01 -5.159500333589172039e-01 5.000000000000000000e+01
4.696211669508479902e-01 -1.329586879704275804e+00 4.600000000000000000e+01
4.653270843780699662e-01 -2.612376077741137337e+00 3.900000000000000000e+01
4.434414463028596987e-01 1.560852682068905040e-01 2.320000000000000000e+02
4.396808608170218458e-01 4.227111237805658561e-01 1.990000000000000000e+02
4.314870048737996511e-01 1.712209007823551676e+00 2.900000000000000000e+01
4.071313462047351228e-01 -4.297579240073518547e-01 2.120000000000000000e+02
4.047005477462832790e-01 -2.432616144125945290e+00 4.000000000000000000e+01
4.031127232928913839e-01 5.954450814179254037e-01 2.200000000000000000e+01
3.994246157009266329e-01 -2.189179407683203848e+00 4.100000000000000000e+01
3.898897606526738890e-01 -1.631678599810513886e+00 1.870000000000000000e+02
3.862926865748611549e-01 8.674767265794114390e-01 2.010000000000000000e+02
3.779878363847003486e-01 1.137958542776585036e+00 2.220000000000000000e+02
3.651525881633188586e-01 -1.729055925834686258e+00 6.300000000000000000e+01
3.595293107473959693e-01 2.115644761284036335e+00 1.890000000000000000e+02
3.492712441965714620e-01 -6.966361649659277289e-01 1.200000000000000000e+01
3.401332007711774241e-01 -2.562371235235992195e+00 2.160000000000000000e+02
3.388315034719278085e-01 6.085531118973714904e-01 2.190000000000000000e+02
3.388115078909041400e-01 2.212236947043592750e+00 2.280000000000000000e+02
3.379806232566242019e-01 2.628449763989352039e+00 2.100000000000000000e+02
3.367849500794552475e-01 -5.641916340509823824e-01 2.480000000000000000e+02
3.363684253934059454e-01 1.138742442922015430e+00 4.400000000000000000e+01
3.274317769953942747e-01 -2.023079471347311920e+00 2.400000000000000000e+01
3.246740494227937091e-01 2.498393848815443352e+00 5.200000000000000000e+01
3.098633065384627794e-01 9.956517719509760944e-01 5.900000000000000000e+01
3.069790847585225357e-01 3.448644510886447745e-01 2.000000000000000000e+01
3.036624707637764486e-01 -3.014863963685248116e+00 3.700000000000000000e+01
2.956545015058218984e-01 1.054189675822416739e+00 7.700000000000000000e+01
2.903388296788724787e-01 2.638880678394933899e+00 3.400000000000000000e+01
2.862009765257617078e-01 1.786961570262227905e+00 6.400000000000000000e+01
2.805801313459889146e-01 -2.613785084731914954e-01 2.290000000000000000e+02
2.796039875275635467e-01 1.760677140497477700e+00 8.100000000000000000e+01
2.737790050880500314e-01 1.541018920789311020e+00 4.700000000000000000e+01
2.728061119738114937e-01 -7.709926063376552063e-01 1.930000000000000000e+02
2.720798726241207000e-01 8.556243778517385046e-01 5.700000000000000000e+01
2.659104948282669523e-01 -4.484844224952815733e-02 1.770000000000000000e+02
2.612088849400826529e-01 -2.219046234205692247e+00 9.600000000000000000e+01
2.547843573764465019e-01 -2.847879701820954956e+00 2.140000000000000000e+02
2.527041932077964681e-01 1.527016557278328079e+00 2.050000000000000000e+02
2.465733720604233736e-01 -1.174303627079712475e+00 2.070000000000000000e+02
2.395589813648728861e-01 2.098929892801880470e+00 6.600000000000000000e+01
2.392750852760716640e-01 2.003854035693171998e+00 5.100000000000000000e+01
2.233164015330716123e-01 4.391651777804448376e-01 2.100000000000000000e+01
2.120603174277582437e-01 2.220740041732605086e+00 1.710000000000000000e+02
2.102476681421209248e-01 -1.674050146828532926e+00 1.860000000000000000e+02
2.059730846943592375e-01 -2.955397930887895264e+00 1.950000000000000000e+02
2.052560740093661573e-01 -1.094016040885475105e+00 1.910000000000000000e+02
2.012509872036686298e-01 6.602194152518806591e-01 5.400000000000000000e+01
2.012050104833307818e-01 1.254149653246278584e+00 2.240000000000000000e+02
1.998170149185763134e-01 -2.175630501547159756e+00 2.000000000000000000e+02
1.973538422581856411e-01 2.651222187114397943e+00 8.600000000000000000e+01
1.911492256422407388e-01 1.425502525933606934e+00 7.800000000000000000e+01
1.864831587683301040e-01 1.577541210970236030e+00 1.510000000000000000e+02
1.843043664134144666e-01 -1.313692319107037987e+00 6.500000000000000000e+01
1.810365223199441598e-01 6.140859918717751498e-01 9.300000000000000000e+01
1.779929699358402673e-01 -3.026281321559705084e+00 7.400000000000000000e+01
1.760097982884824275e-01 -1.827099552081675515e+00 2.020000000000000000e+02
1.622080305684666657e-01 -2.794005935328898627e+00 1.100000000000000000e+02
1.531401485142143970e-01 -3.743409596538739281e-01 2.260000000000000000e+02
1.526029439021525658e-01 2.273554269305720688e+00 1.880000000000000000e+02
1.515301512312959564e-01 9.734264946965790477e-01 9.500000000000000000e+01
1.484765938232439630e-01 -1.055832419712175341e+00 4.500000000000000000e+01
1.480377797954685881e-01 2.472790254626298534e+00 1.730000000000000000e+02
1.429807334406141828e-01 2.684282666359924185e+00 1.050000000000000000e+02
1.374849631049560039e-01 2.733713337059612503e+00 7.500000000000000000e+01
1.332068517586057210e-01 -2.104284158942353322e+00 1.320000000000000000e+02
1.330835195030283524e-01 1.168158168331568936e+00 2.040000000000000000e+02
1.310644996292539555e-01 -2.278580238655472989e+00 2.170000000000000000e+02
1.267441532062209830e-01 2.274965329780249679e+00 1.570000000000000000e+02
1.250944180736571487e-01 -1.578453915676644170e+00 1.180000000000000000e+02
1.235116684651666602e-01 2.638044314680707103e+00 1.740000000000000000e+02
1.212497003240490673e-01 3.130810446830071925e+00 1.760000000000000000e+02
1.200291802601886060e-01 -1.542162214933340714e+00 1.900000000000000000e+02
1.198198939589416867e-01 7.062413748233437906e-03 1.450000000000000000e+02
1.156930771858841189e-01 1.884694597618693956e+00 8.000000000000000000e+01
1.146613980178216030e-01 2.914439965561436807e+00 5.800000000000000000e+01
1.143574053590339784e-01 -3.679046452733376882e-02 1.600000000000000000e+01
1.132713463343155424e-01 -2.327445950365857996e+00 1.650000000000000000e+02
1.121671283647321798e-01 2.781942552341730934e+00 1.220000000000000000e+02
1.101174664141356535e-01 -2.044198515182765519e+00 8.200000000000000000e+01
1.092714082272469717e-01 2.175940360857592015e+00 6.900000000000000000e+01
1.084471658000803612e-01 8.651676208585157291e-01 5.300000000000000000e+01
1.058643666585755705e-01 -1.147302279636768230e+00 1.230000000000000000e+02
1.051114521824839110e-01 -2.537008191122403833e+00 1.940000000000000000e+02
1.046064407852990569e-01 7.684427049858431058e-01 2.500000000000000000e+01
1.031595562010382827e-01 2.620408611679433175e+00 7.200000000000000000e+01
1.016133434266150298e-01 1.793832324603638340e-01 2.700000000000000000e+01
1.003270695403923884e-01 -2.838473149902414949e+00 1.080000000000000000e+02
9.854365324556882411e-02 -2.285029693668800377e+00 1.440000000000000000e+02
9.628712032749617289e-02 -8.598433959838513996e-01 1.400000000000000000e+02
9.624957034046056903e-02 -2.886379555211696868e+00 1.380000000000000000e+02
9.546816028485181904e-02 -1.364248267265957937e+00 8.500000000000000000e+01
9.420182899791311459e-02 2.748572603854433360e+00 7.900000000000000000e+01
9.254734535223006764e-02 1.613281990776649355e+00 9.900000000000000000e+01
9.048739298222063798e-02 -9.695681669333651165e-01 1.970000000000000000e+02
9.014143295652174426e-02 2.260803980457890994e+00 7.600000000000000000e+01
8.930310121333304152e-02 2.104612856978433033e+00 1.330000000000000000e+02
8.753151428414622515e-02 2.926750187746993692e+00 6.000000000000000000e+01
8.579742070719148517e-02 -8.738825884164491686e-01 1.410000000000000000e+02
8.485900146251371123e-02 -2.875556011979133686e+00 1.240000000000000000e+02
8.427722566842812957e-02 -1.464595753260499178e+00 1.980000000000000000e+02
8.276383829971309392e-02 -2.863068999260487857e+00 1.430000000000000000e+02
8.242367825533722381e-02 1.559374256453843310e+00 7.300000000000000000e+01
8.217199702514163540e-02 2.689655131790983589e+00 8.400000000000000000e+01
8.154891055776496145e-02 1.917757656383322740e+00 1.130000000000000000e+02
8.126445388688918747e-02 -1.402619026053538276e+00 1.920000000000000000e+02
8.125218710052165005e-02 -2.398843768284363520e+00 9.700000000000000000e+01
8.094063062027398447e-02 -1.075470831004385674e+00 1.540000000000000000e+02
7.829966021916760777e-02 -2.135946441447877930e+00 1.010000000000000000e+02
7.702457259119076249e-02 3.042731349696655041e+00 8.800000000000000000e+01
7.527595737973165335e-02 -1.860265944423701745e+00 1.960000000000000000e+02
7.266841197846182765e-02 -6.328685581383628467e-01 2.600000000000000000e+01
6.982164494328803317e-02 -1.870244030698936077e+00 1.670000000000000000e+02
6.853340851967588965e-02 2.504066729685758386e+00 1.020000000000000000e+02
6.679006625272565500e-02 -2.632062003495466485e+00 1.360000000000000000e+02
6.487385843398409124e-02 -2.278180797415966463e+00 8.300000000000000000e+01
6.409840941004328607e-02 -1.866682786063053490e+00 1.700000000000000000e+02
6.394827043626029328e-02 1.576249189843983878e+00 1.310000000000000000e+02
6.383754346396017243e-02 2.589966980666455143e+00 9.000000000000000000e+01
6.300562205433955787e-02 2.741389730341980524e+00 8.700000000000000000e+01
6.204562074427782264e-02 2.186765270069378708e+00 9.800000000000000000e+01
6.005778755919516376e-02 1.197052372970182965e+00 1.830000000000000000e+02
5.988413072789010999e-02 2.353390818758178238e+00 6.100000000000000000e+01
5.914430879885902020e-02 -2.515551976981829529e+00 1.300000000000000000e+02
5.899408261861427416e-02 2.840300152075925677e+00 1.350000000000000000e+02
5.857121856422125433e-02 2.318627423033244317e-01 1.800000000000000000e+01
5.738336054962470817e-02 -2.477489240193112785e+00 1.820000000000000000e+02
5.675432364987028494e-02 8.146684459744946150e-01 1.630000000000000000e+02
5.628899694076096999e-02 2.897383694033615509e+00 1.110000000000000000e+02
5.522110935799147413e-02 2.249080646199686395e+00 6.200000000000000000e+01
5.491834471570335857e-02 2.468404068069481205e+00 1.850000000000000000e+02
5.449014598298611289e-02 1.958248655737836685e+00 7.000000000000000000e+01
5.379517302307062349e-02 1.870804244205021893e+00 1.520000000000000000e+02
5.283482688333511479e-02 2.832292916413490236e+00 1.370000000000000000e+02
5.276415615819476240e-02 -2.806459501009517243e+00 1.590000000000000000e+02
5.235283794646294897e-02 -1.624311773070137743e+00 1.420000000000000000e+02
5.213489618223144523e-02 1.629384812103456648e+00 1.490000000000000000e+02
5.083404330825223860e-02 -1.812275166713131158e+00 1.200000000000000000e+02
5.007044556105959970e-02 -3.112557968000184250e+00 1.340000000000000000e+02
4.918772866015078127e-02 1.035062051158259555e+00 9.200000000000000000e+01
4.888519212437249239e-02 1.030479352883605815e+00 1.790000000000000000e+02
4.882280823789437313e-02 4.831000587249427436e-02 1.250000000000000000e+02
4.830715027569802006e-02 1.067013238096185646e+00 1.150000000000000000e+02
4.828491440054223649e-02 -2.113576201423881695e+00 1.640000000000000000e+02
4.805387212734783114e-02 -1.960969154574121021e+00 1.460000000000000000e+02
4.699559022599393565e-02 7.647288701895605945e-01 1.470000000000000000e+02
4.549869859160234759e-02 1.993844756478739599e+00 1.120000000000000000e+02
4.547485735337613438e-02 -1.321992815983299874e+00 1.390000000000000000e+02
4.546788212804030171e-02 2.249540675268588696e+00 1.000000000000000000e+02
4.488660573883928445e-02 1.929165680304216979e+00 1.140000000000000000e+02
4.428545374483544572e-02 2.586022338271680265e+00 1.160000000000000000e+02
4.413725019930000992e-02 2.865008095631413010e+00 8.900000000000000000e+01
4.404109642222187038e-02 3.105401927088969671e+00 1.210000000000000000e+02
4.344473744479806360e-02 -1.695542694313751708e+00 1.030000000000000000e+02
4.147550767509063790e-02 -1.562910788760813574e+00 1.500000000000000000e+02
4.052412787096725671e-02 2.576622166000835268e+00 1.560000000000000000e+02
4.045450212106847104e-02 3.120796599604396704e+00 1.810000000000000000e+02
4.033154309333590593e-02 -3.665418645067154424e-01 1.610000000000000000e+02
3.979970603588667971e-02 -1.862549069168990767e+00 1.480000000000000000e+02
3.971712106680513193e-02 -1.301692048595019857e+00 1.290000000000000000e+02
3.919685309702336529e-02 -1.374440253208310425e+00 1.060000000000000000e+02
3.745480667186996265e-02 2.698009922939787142e+00 1.040000000000000000e+02
3.744491857105347599e-02 1.641992838198276017e+00 1.660000000000000000e+02
3.469466166521392031e-02 2.242116479676842591e-02 1.090000000000000000e+02
2.837106498653638176e-02 -1.347331845102606840e+00 1.530000000000000000e+02
2.797972983907032543e-02 2.189618978358928825e+00 1.270000000000000000e+02
2.753124407200859339e-02 -2.247972559869137577e+00 1.280000000000000000e+02
2.656434372642870259e-02 -2.245392851891415908e+00 1.170000000000000000e+02
2.528731066505124706e-02 -1.686240211371348510e-02 9.400000000000000000e+01
2.412028844285542956e-02 3.018485909375417720e+00 1.260000000000000000e+02
2.392736512687483955e-02 -2.533959374084360672e+00 9.100000000000000000e+01
2.372840036725000837e-02 1.568742568869861742e+00 6.700000000000000000e+01
2.358614318044303937e-02 2.333938460694299000e+00 1.840000000000000000e+02
2.271016836170419023e-02 1.687590211131309692e+00 1.680000000000000000e+02
2.190753929696510893e-02 -2.468312699731882720e+00 1.620000000000000000e+02
1.936680238386730146e-02 -1.973943056643211902e+00 1.580000000000000000e+02
1.776495905765109601e-02 1.109268375988489597e+00 1.780000000000000000e+02
1.696798303021843091e-02 -9.268969665560847782e-01 2.060000000000000000e+02
1.570820301874075245e-02 -3.045400318262479367e+00 1.800000000000000000e+02
1.415982989000437280e-02 -2.375534988049677054e-01 1.070000000000000000e+02
1.340547798400018933e-02 1.715620435241887565e+00 1.690000000000000000e+02
1.273193505374302197e-02 2.154566118369416472e-01 1.600000000000000000e+02
1.272156669511982988e-02 -1.451453552774364386e-01 6.800000000000000000e+01
1.246057742609712332e-02 -2.309047455217091649e+00 1.750000000000000000e+02
1.134310002251031832e-02 -2.854870219916715524e+00 1.720000000000000000e+02
8.483887003139614288e-03 -1.022081094182764494e+00 1.550000000000000000e+02
7.908252579762589662e-03 -2.638677858643187157e+00 1.190000000000000000e+02
3.993214138250581260e-03 -1.470198779511272535e+00 3.800000000000000000e+01
