3.886915683701546413e+02 8.488586004720829470e-01 0.000000000000000000e+00
7.652360623974274745e+01 1.077974052236101876e+00 2.000000000000000000e+00
6.374324344464459813e+01 2.826262594785313720e+00 2.490000000000000000e+02
4.796149058966486933e+01 -1.030738578101404235e+00 3.000000000000000000e+00
4.385919689401223565e+01 8.631323338074476936e-01 2.480000000000000000e+02
3.916522275388852847e+01 2.045345095093942245e+00 1.000000000000000000e+00
3.770215252367354708e+01 -1.414811732994849747e+00 2.470000000000000000e+02
3.353747288304032992e+01 -2.619469722281382862e-01 2.460000000000000000e+02
2.514062064038714084e+01 -7.735271857978603949e-01 6.000000000000000000e+00
1.936659752181404315e+01 6.389862613489923904e-01 5.000000000000000000e+00
1.900728691208448495e+01 -1.603439586874506828e+00 7.000000000000000000e+00
1.800293926337383255e+01 -2.925563823502503435e+00 2.430000000000000000e+02
1.690609528719665633e+01 -1.523326629168361368e+00 9.000000000000000000e+00
1.484194430078112070e+01 -1.924576101183046895e+00 2.440000000000000000e+02
1.405993542417161457e+01 -2.177694983691449426e+00 4.000000000000000000e+00
1.359777131317800780e+01 -2.726358058393541395e+00 2.360000000000000000e+02
1.272255315251283925e+01 -9.816478230893674883e-01 1.600000000000000000e+01
1.189730845673753556e+01 -1.813954337961471319e+00 1.100000000000000000e+01
1.060264561606035016e+01 -1.702946135043251319e+00 8.000000000000000000e+00
1.039600217091472167e+01 -2.416906651231455427e+00 2.410000000000000000e+02
1.001268483474668969e+01 -1.577692613358790519e+00 1.700000000000000000e+01
9.899241167141193287e+00 3.045762982950352971e+00 2.380000000000000000e+02
9.702914687866151411e+00 -1.615922106972332850e+00 2.400000000000000000e+02
8.958560714800173130e+00 -2.091957764019438670e+00 1.300000000000000000e+01
8.253989246747396535e+00 -1.341948322107382907e+00 2.350000000000000000e+02
7.782562220190076374e+00 -2.258396896671226450e+00 2.290000000000000000e+02
7.546337750568659963e+00 -1.456377335962036890e+00 1.400000000000000000e+01
6.610347548479819757e+00 -9.886769252852991574e-01 1.800000000000000000e+01
6.510909723451600684e+00 -3.901767385727430981e-01 2.450000000000000000e+02
6.338494024738883681e+00 -2.718399048194454881e+00 2.310000000000000000e+02
6.110400973866333629e+00 -2.337175445269351393e+00 2.340000000000000000e+02
6.003059664704013976e+00 -1.205958216071246314e+00 1.900000000000000000e+01
5.809716028591727088e+00 -2.535509685632422183e+00 2.370000000000000000e+02
5.581008651518550856e+00 -3.020336697164698769e+00 2.320000000000000000e+02
5.160683909839720585e+00 -2.812990435633880626e+00 2.270000000000000000e+02
5.084329901636087889e+00 -1.519760059229200877e+00 2.300000000000000000e+01
4.945576033559940576e+00 -2.626494407272056408e-01 1.200000000000000000e+01
4.900541427883277734e+00 -2.548774942033828594e+00 2.700000000000000000e+01
4.823776023419354964e+00 -1.410908731508913494e+00 1.500000000000000000e+01
4.502359718300247060e+00 -2.661473624324066645e+00 2.330000000000000000e+02
4.395699728414522056e+00 -2.174900687189729176e+00 2.250000000000000000e+02
4.385369178623183650e+00 -6.951474326811567517e-01 2.400000000000000000e+01
4.311049351831775844e+00 -1.780812349886454760e+00 2.420000000000000000e+02
4.058528591978150857e+00 -7.492921895860994441e-01 2.800000000000000000e+01
3.719213511418160589e+00 -2.522623149807992959e+00 2.280000000000000000e+02
3.557297593171454331e+00 -2.194134097410893158e+00 1.000000000000000000e+01
3.511983058168403726e+00 -1.858038612029339287e+00 2.210000000000000000e+02
3.002891790213873868e+00 2.018773087344800210e+00 4.700000000000000000e+01
2.948787266496323056e+00 2.095784251744137183e+00 4.500000000000000000e+01
2.880630529688488650e+00 -2.443376575225584268e+00 2.500000000000000000e+01
2.755152307479748597e+00 -2.601662005380230847e-01 2.030000000000000000e+02
2.666374973847063679e+00 -2.018104295657425329e+00 2.300000000000000000e+02
2.629479758703184178e+00 2.172242401847316096e+00 4.100000000000000000e+01
2.585515607437931518e+00 -2.736157516352452745e+00 3.100000000000000000e+01
2.482937247135649006e+00 -1.851135797843850073e+00 2.000000000000000000e+01
2.429993560529087659e+00 1.986793370135332859e+00 5.500000000000000000e+01
2.425896235227064768e+00 2.959937276772579118e+00 5.600000000000000000e+01
2.407042610920654635e+00 3.102133433911832050e+00 3.500000000000000000e+01
2.397996781542307332e+00 -1.714346017278477241e+00 2.170000000000000000e+02
2.245555339666716943e+00 -3.046254602745556150e-01 1.990000000000000000e+02
2.243675227360617530e+00 -1.562388802325236581e+00 2.140000000000000000e+02
2.222372163624453556e+00 2.416062912792227735e+00 4.400000000000000000e+01
2.199435384385735492e+00 -8.152215410192110712e-01 2.600000000000000000e+01
2.197951080292121606e+00 2.637605358484651052e+00 5.800000000000000000e+01
2.167748868319779199e+00 2.207476868788840196e+00 5.100000000000000000e+01
2.156564538291061428e+00 -6.088806025212384343e-01 1.940000000000000000e+02
2.139713562661219814e+00 2.275194505335438766e+00 4.900000000000000000e+01
2.126017395882872307e+00 2.882357648412951168e+00 5.000000000000000000e+01
2.120636367629470609e+00 3.075785003393995964e+00 4.800000000000000000e+01
2.120415418300446220e+00 2.585686427488674610e+00 2.240000000000000000e+02
2.108129149349643239e+00 2.555852404806508105e+00 5.400000000000000000e+01
2.098393526464248815e+00 2.836041943328698078e+00 5.200000000000000000e+01
2.082452536994185088e+00 -4.261947940297097781e-01 2.010000000000000000e+02
2.049000065751029886e+00 -1.640464669062306147e+00 2.100000000000000000e+01
2.018687424178481571e+00 3.069515513496197556e+00 2.390000000000000000e+02
2.016309677848306503e+00 -8.721669098890069138e-01 2.020000000000000000e+02
1.963140427698107926e+00 -2.545368582307785399e+00 2.900000000000000000e+01
1.963136869366655990e+00 -4.551036728043144630e-01 1.960000000000000000e+02
1.957934996022190788e+00 -1.933234210621761262e+00 2.200000000000000000e+01
1.920421776364237276e+00 -2.665376334572080008e+00 2.200000000000000000e+02
1.886528232198875221e+00 -8.634166500848465819e-01 1.920000000000000000e+02
1.817593240653776920e+00 -1.794686069710876408e+00 2.130000000000000000e+02
1.764168327008750703e+00 1.842149649530395950e+00 5.300000000000000000e+01
1.758335674522471193e+00 2.340584644809028170e+00 5.900000000000000000e+01
1.730502049845387802e+00 2.082851487101696986e+00 4.600000000000000000e+01
1.718880601123783824e+00 -7.452193215735205545e-01 2.150000000000000000e+02
1.718185821862645568e+00 2.566311312129090361e+00 6.200000000000000000e+01
1.667598734627250279e+00 2.309540123771621989e+00 6.000000000000000000e+01
1.641816376669554600e+00 2.487865672932158656e+00 3.900000000000000000e+01
1.594174662331625525e+00 -5.360869038276908638e-01 2.080000000000000000e+02
1.572089445793136697e+00 -2.273600583351647053e+00 2.260000000000000000e+02
1.562031123046137004e+00 2.066001355797881800e+00 5.700000000000000000e+01
1.556599665562974799e+00 -1.443500689730484732e-01 2.050000000000000000e+02
1.552602662999576166e+00 -5.673694036346658143e-01 1.930000000000000000e+02
1.542650488670054720e+00 2.309209079578109947e+00 6.600000000000000000e+01
1.528983196259914079e+00 1.814387430377393029e+00 1.580000000000000000e+02
1.517324471802827812e+00 1.913910770472221579e+00 1.540000000000000000e+02
1.496182704160185395e+00 -8.261198406461630617e-01 3.200000000000000000e+01
1.495848758619325203e+00 2.091519987615887199e+00 1.640000000000000000e+02
1.481471675244131037e+00 1.812729527013954289e+00 1.600000000000000000e+02
1.480039322074564456e+00 4.176816501170865226e-01 9.400000000000000000e+01
1.479928653646366055e+00 -3.316965129961536030e-01 1.950000000000000000e+02
1.476378303880960807e+00 2.114070150358086320e+00 6.100000000000000000e+01
1.452244018921080349e+00 1.993748777038495179e+00 1.620000000000000000e+02
1.432957800170167495e+00 2.268548853176663549e+00 1.610000000000000000e+02
1.428953767058874336e+00 2.657098280752191233e+00 6.400000000000000000e+01
1.409624446260437702e+00 3.921653356647843425e-01 9.200000000000000000e+01
1.403810919855108974e+00 2.230662520373039470e+00 1.630000000000000000e+02
1.399627608549717683e+00 1.710992401844338984e+00 4.300000000000000000e+01
1.386652646595183169e+00 1.870681111541460551e+00 1.520000000000000000e+02
1.372504242010917697e+00 2.986846972675247236e-01 8.800000000000000000e+01
1.363885637717537458e+00 4.962769532970206510e-01 8.600000000000000000e+01
1.357866339848015969e+00 -2.007783673372210309e+00 1.260000000000000000e+02
1.343830784308676973e+00 2.708865550131739353e-01 2.090000000000000000e+02
1.343028836823233707e+00 2.386830317452762529e+00 1.670000000000000000e+02
1.342847706943883779e+00 2.098151466509035057e+00 1.660000000000000000e+02
1.337909202346791782e+00 -4.167150938489846412e-01 1.970000000000000000e+02
1.321913059722772177e+00 -1.064017333188213010e+00 1.900000000000000000e+02
1.321803866316062059e+00 2.074319417269577581e+00 6.700000000000000000e+01
1.301459482544501167e+00 -2.101293136342002210e+00 1.200000000000000000e+02
1.301081509013664483e+00 2.019437893825482444e+00 1.560000000000000000e+02
1.298197746778521289e+00 2.753969834555193286e-01 9.600000000000000000e+01
1.297255152587676097e+00 2.884805460475474703e+00 2.190000000000000000e+02
1.289878510535510614e+00 -7.597847946429440169e-01 1.980000000000000000e+02
1.265413284896544699e+00 2.432728441269770947e+00 1.650000000000000000e+02
1.260648903379247843e+00 4.417820925484801653e-01 9.000000000000000000e+01
1.254989314934890299e+00 -1.992205458053524003e+00 1.240000000000000000e+02
1.247353269514473117e+00 -2.012483567210811231e+00 1.220000000000000000e+02
1.246880823202540345e+00 2.157145033125292155e+00 1.590000000000000000e+02
1.240798843814836516e+00 -3.005540054267983874e-01 1.910000000000000000e+02
1.237327517334595894e+00 -2.981708106065582786e+00 4.200000000000000000e+01
1.212820767610951700e+00 8.242070408354457145e-01 2.180000000000000000e+02
1.203140114967433449e+00 -6.766194332304557024e-01 1.880000000000000000e+02
1.202413351283995180e+00 -1.145204919176991742e+00 2.120000000000000000e+02
1.158239498723413252e+00 -2.016470753044830921e+00 1.300000000000000000e+02
1.155050150306336620e+00 -2.631430631770280471e+00 2.230000000000000000e+02
1.143985002609410939e+00 -1.608826492053684776e+00 2.110000000000000000e+02
1.134320983501931224e+00 6.295866411338333357e-01 8.200000000000000000e+01
1.132397380714235346e+00 1.043577317787536485e+00 4.000000000000000000e+01
1.116760838609607065e+00 2.456623765203527210e+00 6.300000000000000000e+01
1.113609406748132358e+00 7.013285816083071611e-02 8.500000000000000000e+01
1.111936758966519445e+00 2.053693834462516854e+00 1.680000000000000000e+02
1.104090847772589035e+00 2.703204573785097597e+00 1.710000000000000000e+02
1.099131416070893152e+00 -1.793505711108772216e+00 3.600000000000000000e+01
1.098536306940276708e+00 -1.957639897530990325e+00 1.280000000000000000e+02
1.067797567744140697e+00 1.914729662423213519e-01 8.400000000000000000e+01
1.053889670783527688e+00 2.829799339128920455e+00 2.160000000000000000e+02
1.045834731806143170e+00 6.123065968880213317e-02 8.700000000000000000e+01
1.036370374223302360e+00 1.087783687757086559e+00 3.800000000000000000e+01
1.033040593930715456e+00 -1.955764236573949155e-01 2.000000000000000000e+02
1.029029837745790932e+00 -1.973578632944881450e+00 1.180000000000000000e+02
1.018104210480004435e+00 2.092135807701725358e+00 1.570000000000000000e+02
1.011108918658550460e+00 2.219771030817810686e+00 1.550000000000000000e+02
1.005918410081241499e+00 -1.846454666739591577e+00 1.160000000000000000e+02
9.857960153198606079e-01 -2.100074257200587713e+00 1.210000000000000000e+02
9.715252963237450690e-01 2.365372567670852355e+00 1.730000000000000000e+02
9.597544945105980219e-01 2.164573353987051085e+00 6.800000000000000000e+01
9.478355449712825287e-01 -4.461579944011521970e-02 9.300000000000000000e+01
9.458415710520126085e-01 -1.261444761478436094e+00 1.840000000000000000e+02
9.313736130207018737e-01 -4.455420314571518353e-02 8.100000000000000000e+01
9.236749330411812009e-01 1.799818270914881113e+00 6.500000000000000000e+01
9.196885714989173621e-01 1.354329530522059843e-01 9.100000000000000000e+01
9.080354523904228259e-01 1.780316878385295842e+00 1.500000000000000000e+02
9.075462932700801844e-01 -2.284136832359066727e+00 1.320000000000000000e+02
8.984809539810372225e-01 1.956712172872898226e+00 7.200000000000000000e+01
8.899066668852316786e-01 2.097955590118128821e+00 1.530000000000000000e+02
8.798697701504745172e-01 -2.157836047397230228e+00 1.340000000000000000e+02
8.768485854040142247e-01 1.029885686098572783e+00 7.600000000000000000e+01
8.764753126886902779e-01 -7.402131754332921809e-02 8.900000000000000000e+01
8.572842802377945715e-01 1.788401093878689396e+00 1.480000000000000000e+02
8.557105596615650622e-01 3.302982443103516519e-01 9.800000000000000000e+01
8.487484866175203368e-01 2.355162060570187510e+00 1.690000000000000000e+02
8.337255599419339802e-01 -1.962459205893559711e+00 1.230000000000000000e+02
8.117217591292410495e-01 -1.684701297073905257e+00 1.270000000000000000e+02
8.105261403858137204e-01 2.188795342684362044e-01 1.000000000000000000e+02
8.058483282748840626e-01 -1.899654307260923922e-02 1.020000000000000000e+02
8.036265350432412191e-01 -1.709905612790445950e+00 1.290000000000000000e+02
8.007099831021854408e-01 2.075765181857789354e+00 6.900000000000000000e+01
7.899268962812235895e-01 -1.925422168345638507e+00 1.250000000000000000e+02
7.896851428562583486e-01 2.535756526341377715e+00 3.700000000000000000e+01
7.896665629974116696e-01 -6.470616598177044709e-01 1.860000000000000000e+02
7.880928214722572323e-01 1.927188034996233590e+00 1.510000000000000000e+02
7.823504214664872558e-01 -5.346242004466531528e-01 2.040000000000000000e+02
7.783492813547265854e-01 -8.231559635915441930e-01 1.820000000000000000e+02
7.748834547773136849e-01 4.062768670232705936e-01 8.000000000000000000e+01
7.722480595591157959e-01 4.522281051474653646e-01 7.800000000000000000e+01
7.648325934189017516e-01 1.712584164479835414e+00 2.100000000000000000e+02
7.562104563690508208e-01 -1.646481400232598258e+00 1.140000000000000000e+02
7.393672369659376464e-01 5.303294260115927194e-01 2.060000000000000000e+02
7.362011765899122429e-01 2.117708606333021493e+00 1.700000000000000000e+02
7.287507351859687788e-01 4.289613604318672224e-01 9.700000000000000000e+01
7.286154984642388976e-01 -1.657783189388613465e+00 1.120000000000000000e+02
7.102655120381738962e-01 5.226740485273712045e-01 7.500000000000000000e+01
7.009701843503642893e-01 -2.780956439686737003e+00 1.770000000000000000e+02
6.992059445331985090e-01 2.850378155663637170e+00 7.000000000000000000e+01
6.887266805688927462e-01 2.236845747522041350e+00 1.720000000000000000e+02
6.866051971052523628e-01 -1.089912757708333749e-02 7.900000000000000000e+01
6.786697259748665223e-01 2.247262047582596178e+00 1.460000000000000000e+02
6.761642022231533211e-01 -2.216232771581772565e-01 8.300000000000000000e+01
6.682806327578016958e-01 2.300921844208906109e+00 1.750000000000000000e+02
6.646011058623506607e-01 -7.412852863613718091e-01 1.850000000000000000e+02
6.567162844978303715e-01 -1.775009684778277919e+00 1.310000000000000000e+02
6.437586580392349322e-01 -2.328596267877525605e+00 1.360000000000000000e+02
6.084961694445044644e-01 -1.257941788163623897e+00 1.100000000000000000e+02
6.056948602666972770e-01 -2.125997484359457790e+00 1.190000000000000000e+02
6.018520135552112293e-01 1.045314421007463634e+00 1.830000000000000000e+02
5.978635767277957758e-01 -2.015826826826943030e-01 3.000000000000000000e+01
5.934004843821661934e-01 -1.276116536553377534e+00 1.350000000000000000e+02
5.926764634575666379e-01 3.218412746164880933e-01 1.890000000000000000e+02
5.645212709808843377e-01 -1.269404233945000460e+00 1.370000000000000000e+02
5.610717313107910220e-01 4.821275793590522052e-01 7.700000000000000000e+01
5.526432398840446236e-01 4.242141173822082667e-01 9.500000000000000000e+01
5.511805194005905406e-01 -1.771260692023234329e+00 1.330000000000000000e+02
5.346731900866641407e-01 -2.529793219381580860e-01 1.040000000000000000e+02
5.278535660223492298e-01 1.643302660022694539e+00 1.740000000000000000e+02
5.260072258790635669e-01 -1.408268939734134806e+00 1.800000000000000000e+02
5.195343523320217205e-01 -8.823180649636623851e-01 2.070000000000000000e+02
5.118720949343397164e-01 -2.402918938501024559e+00 1.150000000000000000e+02
5.110599489130996931e-01 1.084367067902381132e+00 7.400000000000000000e+01
5.102002233256279773e-01 2.271496027497777348e+00 1.490000000000000000e+02
5.042963914631433120e-01 -1.478003893322408446e+00 1.870000000000000000e+02
4.653467633870724818e-01 2.573594769130115090e+00 1.440000000000000000e+02
4.550338359745843553e-01 -2.459896345455339972e+00 1.170000000000000000e+02
4.451505028069812075e-01 2.920127170201134881e+00 1.400000000000000000e+02
4.415685764019578463e-01 -8.347191428718714334e-01 1.080000000000000000e+02
4.407528775853916114e-01 2.382621194632956296e+00 1.420000000000000000e+02
4.382399821471713586e-01 -5.730555403146028182e-01 1.060000000000000000e+02
4.045009242606244504e-01 -1.311275732568114361e+00 1.780000000000000000e+02
4.039186766548891194e-01 -2.978474349417556066e+00 1.760000000000000000e+02
3.852769541721938196e-01 2.426192483969242808e+00 2.220000000000000000e+02
3.795521789565823867e-01 -2.258202104995908233e+00 1.130000000000000000e+02
3.685578495634855289e-01 2.491878524046979404e+00 1.790000000000000000e+02
3.395413175852747267e-01 5.823673272721890254e-02 9.900000000000000000e+01
3.078167873803628884e-01 -2.732675927277374850e+00 1.110000000000000000e+02
3.053883897180079132e-01 -2.584830734693770005e+00 1.380000000000000000e+02
2.833142793247326319e-01 5.426468368324705027e-01 1.010000000000000000e+02
2.741284870332183488e-01 8.581396336827757931e-01 1.030000000000000000e+02
2.612647433113894357e-01 -1.581469144278261130e+00 1.410000000000000000e+02
2.593191339416194841e-01 1.444763484284911526e+00 1.470000000000000000e+02
2.487715897560625056e-01 -1.504340698414677213e+00 1.390000000000000000e+02
2.373404042013747550e-01 -2.448300943911742245e+00 3.300000000000000000e+01
2.324345751065434174e-01 -2.247388939706124411e+00 1.090000000000000000e+02
2.266402225963140837e-01 1.044559005597677670e+00 1.810000000000000000e+02
2.065004992501993375e-01 -8.457038125125163619e-01 7.100000000000000000e+01
2.003266469459532850e-01 -2.590720554198396641e+00 1.430000000000000000e+02
1.844497068792878280e-01 5.955511085756888257e-01 3.400000000000000000e+01
1.459397909498213741e-01 2.069236492888635759e+00 1.450000000000000000e+02
1.360182896962160992e-01 4.333122902635562768e-01 7.300000000000000000e+01
2.941057460586181740e-02 -2.887228252517800797e+00 1.070000000000000000e+02
1.996064278386503951e-02 -1.341661889618295911e+00 1.050000000000000000e+02
