5.331542799501104355e+02 5.858848789530015644e-01 0.000000000000000000e+00
1.505378563317362932e+02 -2.485518249489651943e+00 1.000000000000000000e+00
8.648891829608267301e+01 -7.186329339699445429e-01 2.490000000000000000e+02
6.866665592953513908e+01 -1.782835192536488034e+00 2.000000000000000000e+00
5.433264212576829522e+01 2.923461727165582502e+00 4.000000000000000000e+00
4.883548575757119181e+01 -2.121741146423305135e+00 2.470000000000000000e+02
4.248280525544674902e+01 1.691170463933800772e+00 2.480000000000000000e+02
3.158099338571325632e+01 -2.836501949455407789e+00 2.460000000000000000e+02
1.958826729967137226e+01 1.849296620982858963e+00 2.440000000000000000e+02
8.599428184142276166e+00 -1.811704621299240037e+00 6.000000000000000000e+00
8.160440415646064594e+00 -2.072690165960956232e+00 2.430000000000000000e+02
7.466117938396525489e+00 -4.030942784528979694e-01 8.000000000000000000e+00
7.222378654006841536e+00 4.253432481824188927e-02 3.000000000000000000e+00
6.665546422591665632e+00 -2.296714951137642124e+00 1.000000000000000000e+01
5.976438818739247871e+00 -1.289386463584901721e+00 2.450000000000000000e+02
5.871042598993443384e+00 -2.949397230393297598e+00 2.370000000000000000e+02
5.100721269294143490e+00 1.345678984552719282e+00 5.000000000000000000e+00
3.568694345298124126e+00 -2.006478392162476698e+00 2.420000000000000000e+02
3.490266570891644271e+00 1.918814237307186366e+00 1.100000000000000000e+01
3.285866107431766103e+00 -3.121030428154621728e+00 9.000000000000000000e+00
3.279345236320927448e+00 -1.869686511071929180e+00 7.000000000000000000e+00
2.671304921457383408e+00 1.697451861445010479e+00 2.390000000000000000e+02
2.282463051122957776e+00 -2.265913376540811708e+00 1.500000000000000000e+01
2.062052538396433654e+00 -2.308097356887691021e+00 1.400000000000000000e+01
2.018836135678706345e+00 -1.216361429094441560e+00 2.400000000000000000e+02
1.851315749927038734e+00 7.571638869962377116e-01 2.340000000000000000e+02
1.712152348563338311e+00 1.218394438106304767e+00 1.800000000000000000e+01
1.369723419077478299e+00 -8.599376959639974949e-01 1.600000000000000000e+01
1.351937670817644932e+00 4.261756755706243571e-01 1.300000000000000000e+01
1.266555678403488816e+00 -2.739802227366791243e+00 1.700000000000000000e+01
1.262340329466565825e+00 -1.408794214879558693e+00 2.350000000000000000e+02
1.201934044412047209e+00 1.901288029334958329e+00 1.200000000000000000e+01
1.166855499387982498e+00 -2.163238013561534334e+00 2.320000000000000000e+02
1.135502163767787120e+00 1.866709625993519861e+00 2.310000000000000000e+02
1.043957273296198363e+00 -1.050686413092502658e+00 2.500000000000000000e+01
1.037999154004731084e+00 -2.254484692681890667e+00 2.300000000000000000e+02
1.007173046996174159e+00 2.876168853448302531e+00 2.100000000000000000e+01
9.341170847120472409e-01 -2.128712851612234669e+00 2.400000000000000000e+01
9.082804879769159623e-01 2.025592928717136143e+00 2.800000000000000000e+01
9.052647432232201474e-01 -1.991563635691196543e+00 1.900000000000000000e+01
8.797834517678824184e-01 2.056775785886183261e+00 2.330000000000000000e+02
8.212600594657606390e-01 -1.338303373794613060e+00 2.000000000000000000e+01
7.607277242370684700e-01 2.367650737490823332e+00 2.270000000000000000e+02
6.698602239813178372e-01 -1.241827569176447099e+00 2.380000000000000000e+02
6.543964468698688641e-01 -1.816508097590998849e+00 2.290000000000000000e+02
6.517602238564748074e-01 -2.605412785553284483e+00 2.360000000000000000e+02
6.160010381216759479e-01 4.983984686934754271e-01 2.410000000000000000e+02
6.118916292484604114e-01 3.068062411367643350e+00 2.200000000000000000e+02
6.113589717128073975e-01 -8.482278771170576048e-01 3.000000000000000000e+01
5.702460811072098679e-01 4.660804281625151035e-01 3.500000000000000000e+01
5.674299114494305574e-01 3.003907694651192006e+00 2.220000000000000000e+02
5.484026380216772134e-01 -1.784242675672477851e+00 2.700000000000000000e+01
5.391610450373746088e-01 -5.076440646045355942e-01 2.210000000000000000e+02
5.177553704621455921e-01 -2.386805541062760216e+00 3.200000000000000000e+01
4.742032981399859626e-01 1.878609733559196027e+00 2.170000000000000000e+02
4.642535575780339929e-01 -2.610915115231668526e+00 3.800000000000000000e+01
4.342506168888846663e-01 -2.074690743093574152e+00 2.280000000000000000e+02
4.299433713076443730e-01 2.971367308133003426e+00 2.090000000000000000e+02
3.929617124018746632e-01 2.050241134097694484e+00 2.600000000000000000e+01
3.474859275672739223e-01 1.165709223592079402e+00 4.500000000000000000e+01
2.981550263065251838e-01 -1.698775218052884561e+00 2.190000000000000000e+02
2.885818730444798530e-01 -2.815113985984911249e+00 3.400000000000000000e+01
2.684325143801000735e-01 2.423616595852618349e+00 2.300000000000000000e+01
2.645632910332719745e-01 1.343366655710263036e+00 2.250000000000000000e+02
2.577703286051877818e-01 -2.394641027036197301e+00 3.300000000000000000e+01
2.515145456164467053e-01 -3.030576405760583736e+00 4.100000000000000000e+01
2.507143717236359204e-01 1.954073305378110081e-01 4.000000000000000000e+01
2.446060669313619984e-01 -1.051936178258598531e+00 3.700000000000000000e+01
2.381835589014408006e-01 -1.839934501931359767e+00 2.150000000000000000e+02
2.354453702944192539e-01 -1.129181525722631196e+00 4.200000000000000000e+01
2.262279751919127058e-01 2.717635109169280749e+00 2.260000000000000000e+02
2.250378794428496698e-01 -1.523543881471170813e+00 4.700000000000000000e+01
2.246448237912647417e-01 -1.847547450551135784e+00 2.130000000000000000e+02
2.224702522557452100e-01 -2.322633007038317654e+00 2.230000000000000000e+02
2.214800333793956466e-01 -1.422412454340946653e+00 4.400000000000000000e+01
2.119274208245736646e-01 -2.523437918555661241e+00 1.920000000000000000e+02
2.060831478637613901e-01 9.627894375695255080e-01 5.000000000000000000e+01
2.060348513256136105e-01 -2.268195622378437193e-01 5.300000000000000000e+01
2.043901488501728703e-01 -2.767006081210107382e+00 4.900000000000000000e+01
1.983157298634549703e-01 2.795245943974572267e+00 2.030000000000000000e+02
1.969096945280350841e-01 -2.029629445504160579e+00 1.980000000000000000e+02
1.949411737706267522e-01 -1.088802670772760356e-01 2.900000000000000000e+01
1.877112986009082107e-01 1.075845360118349303e+00 2.100000000000000000e+02
1.696525404203354515e-01 -6.129386146410014113e-01 5.900000000000000000e+01
1.637774107616339070e-01 2.065991643917833631e+00 1.990000000000000000e+02
1.609997963680335209e-01 6.301315890144570941e-01 2.200000000000000000e+01
1.588250137266383477e-01 -3.329118382503281071e-01 1.970000000000000000e+02
1.582027672888941250e-01 -1.691486339731115951e+00 6.100000000000000000e+01
1.544740128886638308e-01 -8.030535082649514766e-02 3.600000000000000000e+01
1.543058182489731867e-01 -1.584627853800455011e+00 2.110000000000000000e+02
1.527339038159769291e-01 1.102695442607931398e+00 6.300000000000000000e+01
1.516518604174229845e-01 1.998583482716201454e+00 7.300000000000000000e+01
1.489719807755418290e-01 2.572532526030625100e+00 2.140000000000000000e+02
1.453100374252314364e-01 -3.044675586445209525e+00 3.100000000000000000e+01
1.399362748928612565e-01 2.819968798487204609e+00 3.900000000000000000e+01
1.376572651993798191e-01 2.646739161683751451e+00 5.600000000000000000e+01
1.370021166619211084e-01 1.582261003639361840e+00 2.160000000000000000e+02
1.356423769111812505e-01 -1.861094098632366522e+00 2.060000000000000000e+02
1.318055465978028862e-01 2.935328369472631760e+00 5.500000000000000000e+01
1.310355286414694176e-01 -2.324597648799643146e+00 5.100000000000000000e+01
1.198824892491436866e-01 -1.176258574693083592e+00 5.400000000000000000e+01
1.145211549697247311e-01 3.085209922478489908e+00 1.550000000000000000e+02
1.138196250213152627e-01 6.533129263481604089e-03 6.700000000000000000e+01
1.124739354819487835e-01 -1.115150599767437800e+00 1.870000000000000000e+02
1.115107118606268183e-01 -1.817068043880740724e-01 5.200000000000000000e+01
1.113437030703492980e-01 -2.959405052733311781e+00 1.770000000000000000e+02
1.108269959997320031e-01 -1.477593309624079199e+00 2.050000000000000000e+02
1.064247507501779322e-01 -1.629304421464802255e-01 2.040000000000000000e+02
1.037732719894772643e-01 2.474217923501845107e+00 1.720000000000000000e+02
9.678329347129249749e-02 2.850569349701229438e+00 2.000000000000000000e+02
9.660568767436884807e-02 -2.891616567138479255e+00 1.850000000000000000e+02
9.446370258114693275e-02 2.122171206064061177e+00 1.860000000000000000e+02
9.290222595811994943e-02 8.895206118856631150e-01 1.800000000000000000e+02
9.239442734127653600e-02 -6.566257206306043148e-01 7.000000000000000000e+01
9.087715500142475034e-02 1.079845247844377409e+00 8.200000000000000000e+01
9.040936607442119632e-02 -2.764529431538613746e+00 1.470000000000000000e+02
9.035164683568157329e-02 1.541019670625075388e+00 9.000000000000000000e+01
8.809522938131361669e-02 -6.772225106927111105e-01 6.400000000000000000e+01
8.330590275115820620e-02 -3.521861761788537271e-01 5.700000000000000000e+01
8.326621570309798714e-02 -2.831532400943900463e+00 6.600000000000000000e+01
8.206211217793892010e-02 1.479018209317005006e+00 1.350000000000000000e+02
8.106247947106316742e-02 8.842364095637758048e-01 8.000000000000000000e+01
8.042255294200788274e-02 -2.225105949909181646e+00 1.600000000000000000e+02
7.860708963941631655e-02 2.121585178275607053e-01 7.400000000000000000e+01
7.826167364366634627e-02 -2.102101614352754222e+00 1.840000000000000000e+02
7.591299572705331733e-02 8.810842296881622460e-01 8.700000000000000000e+01
7.501695148878981256e-02 -2.576645568661656949e+00 1.750000000000000000e+02
7.419300096115689913e-02 -2.082810764019792149e+00 4.300000000000000000e+01
7.334893116867709228e-02 2.112035554719786212e+00 1.000000000000000000e+02
7.332773642624512700e-02 -1.390674632272683509e+00 2.020000000000000000e+02
7.153271039056467717e-02 3.138061251289016251e+00 1.640000000000000000e+02
7.136014190805455015e-02 2.682990149723635920e+00 1.900000000000000000e+02
7.022188067518414512e-02 2.317310486573588513e+00 1.100000000000000000e+02
6.940645833563349743e-02 -1.914546097766762989e+00 1.680000000000000000e+02
6.929648787206982297e-02 -3.087937681441835114e+00 1.370000000000000000e+02
6.902346132379938437e-02 -2.965922702904099761e+00 2.010000000000000000e+02
6.856791783482998892e-02 2.409558170652449594e+00 6.500000000000000000e+01
6.807575351371089600e-02 1.063271632828585167e+00 1.010000000000000000e+02
6.601714402036994167e-02 2.909786008229412246e+00 1.930000000000000000e+02
6.586935945767546929e-02 -2.338769403765915467e+00 2.120000000000000000e+02
6.346763692873703955e-02 -6.109221082464416641e-01 2.240000000000000000e+02
6.343571254177934882e-02 -2.265660955024989764e+00 4.800000000000000000e+01
6.255303146093156574e-02 1.635701912243480605e+00 2.070000000000000000e+02
6.222479867262683401e-02 2.522388059617139078e+00 1.940000000000000000e+02
6.220990273636748530e-02 1.800724268930547378e+00 1.270000000000000000e+02
6.205780711712852865e-02 -1.350535195003678579e+00 1.700000000000000000e+02
6.166019011211283651e-02 1.947247205064629227e+00 7.900000000000000000e+01
6.106965200348334066e-02 2.454404760536009533e+00 2.080000000000000000e+02
6.064086379262364351e-02 -1.131581169060218883e+00 7.600000000000000000e+01
6.036681339073849545e-02 2.474758579337350106e+00 1.690000000000000000e+02
5.990182759637101284e-02 -4.778542299121260606e-01 8.100000000000000000e+01
5.803834857054201296e-02 9.914558471862151556e-01 9.700000000000000000e+01
5.740956400266813281e-02 1.924649140068471764e+00 1.170000000000000000e+02
5.662138350115112490e-02 2.835705513335801342e+00 1.450000000000000000e+02
5.643576411682246774e-02 2.215932390016487563e+00 1.560000000000000000e+02
5.543819487559556447e-02 2.716316660411788764e+00 1.380000000000000000e+02
5.522530158173606651e-02 -2.988373772885246193e+00 8.300000000000000000e+01
5.430402341522159310e-02 -1.527155114309432404e+00 1.810000000000000000e+02
5.411394790056930915e-02 6.613496740565254495e-01 4.600000000000000000e+01
5.396216188646223155e-02 2.698653865938014818e+00 6.000000000000000000e+01
5.375097563194689010e-02 -2.366635026554260168e+00 7.800000000000000000e+01
5.248586243873366863e-02 3.030003848643342934e+00 1.790000000000000000e+02
5.075422117416163864e-02 2.549375769966532701e+00 1.030000000000000000e+02
5.028751780536970528e-02 2.223070404862999006e+00 1.240000000000000000e+02
5.028744780158702493e-02 2.166895276888375577e+00 1.180000000000000000e+02
4.960445615796340441e-02 -2.932338790592790900e+00 1.610000000000000000e+02
4.950633977899258215e-02 -3.091534276269883197e+00 1.820000000000000000e+02
4.891851620907976261e-02 7.658608964990422374e-02 9.100000000000000000e+01
4.825006351255522324e-02 -2.621800795049983979e+00 1.500000000000000000e+02
4.708319834244090868e-02 2.922791423831810231e+00 1.540000000000000000e+02
4.657348197784189764e-02 2.200934530662499444e+00 1.620000000000000000e+02
4.639531069080511660e-02 -1.573048431676644210e+00 1.530000000000000000e+02
4.597081037792848796e-02 4.310656681884894037e-01 1.910000000000000000e+02
4.544176385978179050e-02 -2.767765405920694199e+00 1.950000000000000000e+02
4.482385967590457598e-02 2.975709105404281019e+00 1.330000000000000000e+02
4.462042979925914810e-02 -1.937421327522248937e+00 1.780000000000000000e+02
4.395015538680061007e-02 -1.206518958331406433e+00 1.360000000000000000e+02
4.382374768356203654e-02 -2.974183346136197059e+00 1.130000000000000000e+02
4.351217708900996517e-02 9.101892038014454123e-01 1.140000000000000000e+02
4.334896334307294236e-02 8.070436607823957553e-01 6.200000000000000000e+01
4.334242989190537076e-02 -6.900757464532246421e-02 1.120000000000000000e+02
4.307417679367567254e-02 2.669582452465230293e+00 1.320000000000000000e+02
4.262086196903364099e-02 2.692080478498376728e+00 1.480000000000000000e+02
4.244779527139089237e-02 -2.994210590948275463e+00 1.580000000000000000e+02
4.210235362225828865e-02 1.799007859305207901e+00 1.340000000000000000e+02
4.161947424646829374e-02 3.100201031175385591e+00 1.710000000000000000e+02
4.008945780523245905e-02 -2.891322306045065904e+00 1.830000000000000000e+02
3.996258434563083189e-02 -2.308305597049115310e+00 1.230000000000000000e+02
3.973138073926681807e-02 1.924077847099245231e+00 1.050000000000000000e+02
3.957436548690704270e-02 -1.467830941003982703e+00 2.180000000000000000e+02
3.878332395490283191e-02 2.773928243305800567e+00 1.160000000000000000e+02
3.855327723238562154e-02 3.732276355215179420e-01 6.900000000000000000e+01
3.823142567139554276e-02 1.843093814534362496e+00 1.390000000000000000e+02
3.822501290197462265e-02 1.563138711696012928e+00 9.500000000000000000e+01
3.685644388346212552e-02 2.791669410256852890e-01 1.460000000000000000e+02
3.676549357665694767e-02 -8.511082594691894432e-01 1.760000000000000000e+02
3.664285670314362808e-02 -2.063993065600039145e+00 7.100000000000000000e+01
3.658731494123603628e-02 -1.716529286016548639e+00 7.500000000000000000e+01
3.614569890227575105e-02 -2.095263309671301366e-01 9.800000000000000000e+01
3.612730100336256772e-02 2.955466757544111811e+00 6.800000000000000000e+01
3.526581011914348834e-02 1.935683636270701502e+00 5.800000000000000000e+01
3.522241902477243891e-02 2.757663399680971406e+00 1.400000000000000000e+02
3.504830990857055184e-02 9.681457503547452603e-01 1.570000000000000000e+02
3.470375113297777259e-02 -2.611724156853086232e+00 9.400000000000000000e+01
3.390520556989334855e-02 1.137878632604425677e+00 1.190000000000000000e+02
3.307956434306372900e-02 -6.645868217690139579e-01 8.900000000000000000e+01
3.307065354861990492e-02 1.802918115127545295e+00 1.110000000000000000e+02
3.259845790453848313e-02 5.990482272117412244e-01 8.400000000000000000e+01
3.228938915409036714e-02 -2.916799432947581483e+00 1.660000000000000000e+02
3.175654391779273583e-02 1.814905477871148545e-02 1.060000000000000000e+02
3.150654926876787776e-02 2.366550983962663890e-01 7.200000000000000000e+01
3.140371389512550127e-02 1.114332735027881771e+00 1.250000000000000000e+02
3.088010543191330171e-02 -2.920486414023640287e-01 7.700000000000000000e+01
3.073579345445592512e-02 2.547946370873604760e+00 9.200000000000000000e+01
3.053215503122508334e-02 4.807897931240284195e-01 1.040000000000000000e+02
2.996340617094254630e-02 -2.919052381935336005e+00 8.600000000000000000e+01
2.965270731184976860e-02 -1.665798227093596928e+00 1.310000000000000000e+02
2.960060409434906240e-02 1.719115919266652082e+00 1.490000000000000000e+02
2.914469844485104502e-02 1.582681921186516627e+00 1.520000000000000000e+02
2.871113678268938027e-02 -2.789997599467845202e+00 1.670000000000000000e+02
2.845276771453548667e-02 1.625106784520428560e+00 1.440000000000000000e+02
2.822080979329643496e-02 1.554132186441534058e+00 1.220000000000000000e+02
2.781610660834211643e-02 2.178802709102913404e+00 1.200000000000000000e+02
2.691250476649195353e-02 2.895544096171013937e+00 1.280000000000000000e+02
2.640459573278391633e-02 3.044824249352715562e+00 1.300000000000000000e+02
2.542239521084421403e-02 9.011740147085882668e-01 9.600000000000000000e+01
2.508577981481883296e-02 -2.993197018585154190e+00 1.260000000000000000e+02
2.430149129123202606e-02 -7.684640161152542781e-01 1.590000000000000000e+02
2.326691485412099927e-02 -3.077149561409721734e+00 1.420000000000000000e+02
2.309862338567933437e-02 1.518508210025668825e+00 1.070000000000000000e+02
2.306885180961990023e-02 -2.074035151991906911e+00 1.020000000000000000e+02
2.274331844201710542e-02 -2.706310414684457655e+00 9.900000000000000000e+01
2.240260264149905242e-02 -2.813498977637390652e+00 1.740000000000000000e+02
2.017768746077584774e-02 -1.725530613717123130e+00 9.300000000000000000e+01
1.991341646052378900e-02 6.167336395049488607e-01 1.960000000000000000e+02
1.945371131389830865e-02 -2.927243917108469429e+00 1.430000000000000000e+02
1.916251294340814287e-02 1.201465030216620988e+00 1.290000000000000000e+02
1.888991129670942321e-02 8.432153309763719129e-01 1.630000000000000000e+02
1.780115145797824330e-02 2.978269618579181710e+00 1.210000000000000000e+02
1.734649451561124864e-02 -1.797984836391674834e+00 8.500000000000000000e+01
1.667199621095154932e-02 2.505250103591918354e+00 1.090000000000000000e+02
1.522567956580130402e-02 2.050019005412512474e+00 1.510000000000000000e+02
1.438891273240819856e-02 -1.109941593869778309e+00 1.150000000000000000e+02
1.353029906653067070e-02 -3.049515230033238655e+00 1.890000000000000000e+02
1.234851686316262680e-02 1.384570806205147386e+00 1.730000000000000000e+02
1.126290123613274928e-02 2.950545659863248904e+00 1.410000000000000000e+02
1.057050466388508893e-02 1.638298617573019422e+00 1.080000000000000000e+02
4.939598109268558516e-03 2.440235627558671183e+00 1.650000000000000000e+02
3.900729630782974813e-03 2.511182161519781797e+00 8.800000000000000000e+01
1.568977711827202913e-03 -2.395064692172137022e+00 1.880000000000000000e+02
