4.089369322613337232e+01 1.159720291239353829e+00 0.000000000000000000e+00
1.016741835034939889e+01 1.374632850188621136e+00 2.480000000000000000e+02
9.655733498807908433e+00 1.670082882639287059e+00 2.000000000000000000e+00
5.808117049839244039e+00 1.468220525790955078e+00 2.470000000000000000e+02
4.735487194224105245e+00 2.160288380594797886e+00 3.000000000000000000e+00
4.509220208544739705e+00 -2.087094242316118287e+00 2.460000000000000000e+02
3.505716560514557045e+00 2.447491396518286066e+00 2.440000000000000000e+02
2.767620800386862978e+00 -1.151592625617835486e+00 4.000000000000000000e+00
2.738149184728217111e+00 -2.622522367520302211e+00 6.000000000000000000e+00
2.679845444649801678e+00 1.186612752113473945e+00 1.000000000000000000e+00
2.124136914641859164e+00 1.872696119470800502e+00 2.490000000000000000e+02
1.741673094327848892e+00 -1.087082567135915445e+00 9.000000000000000000e+00
1.718361595130678765e+00 -2.505455807601314699e+00 2.410000000000000000e+02
1.579489761439193174e+00 -1.405043623448262613e+00 2.430000000000000000e+02
1.281038827164640237e+00 -1.485292660212149007e+00 2.450000000000000000e+02
8.705215467786278083e-01 -1.109301192624814858e+00 5.000000000000000000e+00
6.692446978816332104e-01 -2.136032915691520984e+00 1.100000000000000000e+01
6.578267802792483465e-01 -2.462323815059257015e+00 2.370000000000000000e+02
5.901300083602113444e-01 -1.702604914414976023e-01 7.000000000000000000e+00
5.822433089047248655e-01 8.081816336460688754e-01 1.200000000000000000e+01
5.667265441641887724e-01 -2.201649618265699271e+00 2.390000000000000000e+02
5.455834534731133223e-01 2.361641900750059531e+00 8.000000000000000000e+00
4.041806791626382234e-01 2.944855206240876710e-01 1.400000000000000000e+01
3.204064373693071288e-01 2.357183796060212888e+00 2.400000000000000000e+02
2.589408809781512666e-01 -2.591067314929884624e+00 2.330000000000000000e+02
2.475331855046158658e-01 2.848692047513488923e+00 2.420000000000000000e+02
2.229571076035197497e-01 1.252302020613403899e+00 1.600000000000000000e+01
2.198155297548514409e-01 2.021626928479929752e+00 1.700000000000000000e+01
2.153532600094659744e-01 -2.854401559081682471e+00 1.500000000000000000e+01
1.762222004115053531e-01 -1.338523994095490499e+00 2.380000000000000000e+02
1.723266553938967161e-01 9.683838011365851761e-01 1.000000000000000000e+01
1.687635581415354580e-01 8.496564928813199469e-01 1.800000000000000000e+01
1.681421620757089508e-01 2.963540665621049452e+00 1.900000000000000000e+01
1.595024381725342888e-01 -3.057235633053906332e-02 1.300000000000000000e+01
1.526318537815866128e-01 -1.824913612442953470e+00 2.350000000000000000e+02
1.396100264971474603e-01 2.973543439659652066e+00 2.290000000000000000e+02
1.389180907586107794e-01 -2.176213231513137725e+00 2.360000000000000000e+02
1.315045538874115016e-01 -2.691315894273443199e+00 2.300000000000000000e+01
1.288292170638860312e-01 2.778365958337139840e+00 2.100000000000000000e+01
1.163990069698718488e-01 2.016522452705796997e+00 2.280000000000000000e+02
1.153953053692539643e-01 1.186498848569913500e+00 2.260000000000000000e+02
9.859952066698894624e-02 7.097414892737388126e-01 2.220000000000000000e+02
9.828985620006967794e-02 -2.754595803942681886e+00 2.500000000000000000e+01
9.299531370692494525e-02 1.718364022767568722e+00 2.240000000000000000e+02
9.227342846401030696e-02 1.765718336105277064e+00 2.300000000000000000e+02
7.373374567390862666e-02 7.745751009004111509e-01 2.180000000000000000e+02
6.033006283437815365e-02 -2.516547217702528538e+00 2.340000000000000000e+02
5.959667950164274780e-02 -4.008015840420433018e-01 3.000000000000000000e+01
5.731550343949288334e-02 -2.827291016517514244e+00 2.900000000000000000e+01
5.721209151787004510e-02 -2.011006571420780542e+00 2.310000000000000000e+02
5.551776461204241397e-02 -2.783440589975936241e+00 2.000000000000000000e+01
5.549281231738301817e-02 4.852919250552861219e-01 2.210000000000000000e+02
5.400970628899191828e-02 2.850490395931347010e+00 4.100000000000000000e+01
5.364789261076256116e-02 2.842781958155289335e+00 2.320000000000000000e+02
5.191504286901610365e-02 -2.242731471341466998e-01 2.600000000000000000e+01
5.099383732804613906e-02 8.055764174804379563e-01 2.140000000000000000e+02
5.094738474265647632e-02 -2.459219258771551786e+00 2.700000000000000000e+01
5.059554905924734669e-02 -1.825824577217244615e-01 2.170000000000000000e+02
4.938608600540576182e-02 -1.484992796447143659e+00 2.400000000000000000e+01
4.646101781638924816e-02 -2.222973486730857040e+00 2.270000000000000000e+02
4.556834337614835279e-02 -8.539492081733945916e-02 2.160000000000000000e+02
4.443692816739946982e-02 2.238047276851707235e+00 3.300000000000000000e+01
4.390847227452221446e-02 2.351629273906638229e+00 3.700000000000000000e+01
4.338514002635964623e-02 -2.975715285636328034e+00 4.500000000000000000e+01
4.314838228025542899e-02 2.494481709909054601e+00 2.250000000000000000e+02
4.218697241888072491e-02 5.252162186526563303e-01 2.200000000000000000e+02
4.190013614930142294e-02 -1.906198474202753790e+00 2.110000000000000000e+02
4.059329177204934469e-02 -8.175470148945255255e-01 3.400000000000000000e+01
3.902989157714477353e-02 1.150122836643185043e+00 2.200000000000000000e+01
3.764948413576191949e-02 -1.555179853646275090e+00 4.400000000000000000e+01
3.438143618004044916e-02 2.743781945540848977e+00 3.100000000000000000e+01
3.429118730732421544e-02 3.010576522996525339e-01 3.800000000000000000e+01
2.925487286825558322e-02 1.022554991935847424e+00 2.040000000000000000e+02
2.879299850247209192e-02 -8.391468314537846584e-01 4.800000000000000000e+01
2.772147942633089446e-02 -1.225215865021289430e+00 2.150000000000000000e+02
2.696329038739013820e-02 9.482861163726094000e-01 2.000000000000000000e+02
2.637909196190866765e-02 7.192372188614107875e-01 2.020000000000000000e+02
2.577374286121851543e-02 7.318261796725994417e-01 1.960000000000000000e+02
2.541678086382448062e-02 5.386263684663279427e-01 2.190000000000000000e+02
2.310817139772379167e-02 5.293240880721862274e-01 1.980000000000000000e+02
2.257576587018880754e-02 -1.144480829755024853e+00 1.950000000000000000e+02
2.141694734827664579e-02 -6.253378675963059408e-01 3.200000000000000000e+01
2.135279938630242971e-02 1.249249562801521662e+00 4.200000000000000000e+01
2.099939631480869651e-02 6.244820028845410320e-01 2.100000000000000000e+02
2.091497510563312609e-02 -1.375807333292461188e+00 1.910000000000000000e+02
2.059978332541446966e-02 1.843277297121719727e+00 2.080000000000000000e+02
1.989222765193538259e-02 -1.413165170638539969e+00 5.000000000000000000e+01
1.927960461664059849e-02 -1.295753579821712798e+00 1.890000000000000000e+02
1.907493090618824633e-02 -1.969038481878299773e+00 4.900000000000000000e+01
1.863358577524434553e-02 -2.320608705946662464e+00 4.000000000000000000e+01
1.755780337092439913e-02 -8.989989204875178386e-01 1.990000000000000000e+02
1.746539045724584960e-02 -9.201118897119291429e-01 1.930000000000000000e+02
1.740922822429577868e-02 -5.166304762061811884e-01 5.600000000000000000e+01
1.728613583811800317e-02 -3.659325321758755134e-01 5.200000000000000000e+01
1.716882808991468390e-02 -1.221831116394273442e+00 1.850000000000000000e+02
1.634051453710691493e-02 1.738160828797233881e+00 5.900000000000000000e+01
1.593540708983073526e-02 -2.428264543023898270e+00 2.070000000000000000e+02
1.575267510808006644e-02 -8.649533342973403371e-01 1.940000000000000000e+02
1.561197018233567019e-02 -1.031461221920617843e+00 1.690000000000000000e+02
1.559569675265234587e-02 -6.603778508400554026e-01 1.730000000000000000e+02
1.548595777985853177e-02 2.284891176321230510e+00 6.300000000000000000e+01
1.440075354649337190e-02 -1.606961787019109522e+00 8.600000000000000000e+01
1.432034088358741589e-02 -2.258637415641423285e+00 4.600000000000000000e+01
1.372742282247269366e-02 -4.928443103810161222e-03 2.060000000000000000e+02
1.332618353346974246e-02 -8.971086288802136988e-01 1.810000000000000000e+02
1.320002115748237712e-02 -2.655308090631260498e+00 3.900000000000000000e+01
1.311803562344478376e-02 9.577255970991719325e-01 1.920000000000000000e+02
1.303644558785012862e-02 1.966066399044583468e+00 4.700000000000000000e+01
1.301092365749143519e-02 -1.563806820315087442e+00 1.650000000000000000e+02
1.300177484887859308e-02 2.979749720313945804e+00 3.500000000000000000e+01
1.286329287701930106e-02 -1.150120477203343983e+00 6.000000000000000000e+01
1.263266888447746837e-02 -3.086186109408249223e+00 6.500000000000000000e+01
1.256678881841817412e-02 -1.029967854389137738e+00 1.900000000000000000e+02
1.215626260852669706e-02 -1.814009879006138748e+00 1.870000000000000000e+02
1.206873027319739847e-02 -1.181758527888907562e+00 2.130000000000000000e+02
1.182083615660961887e-02 -7.530840758182490990e-01 2.010000000000000000e+02
1.178728642110627237e-02 2.037940192539906992e+00 3.600000000000000000e+01
1.134391102849687492e-02 -8.316513591625280810e-01 1.770000000000000000e+02
1.131436207587621819e-02 -3.180392146533529418e-01 1.470000000000000000e+02
1.115617293490412699e-02 1.165475660673955111e-01 2.120000000000000000e+02
1.112505123165453101e-02 1.164355538558318415e+00 1.880000000000000000e+02
1.111291619913212618e-02 -6.351999030782605749e-01 1.970000000000000000e+02
1.106917959643753495e-02 7.094890920170382476e-01 2.050000000000000000e+02
1.086313973111893531e-02 -1.168894798326653328e+00 8.200000000000000000e+01
1.079322105198541812e-02 2.456535083014373289e+00 5.700000000000000000e+01
1.045493838927706413e-02 -9.376288701366946032e-01 1.750000000000000000e+02
1.013028331011510061e-02 -3.026897049707362175e+00 1.660000000000000000e+02
1.004390177318707604e-02 -1.165143060679226572e+00 7.600000000000000000e+01
9.761635377696498486e-03 -1.783478216525599125e+00 7.000000000000000000e+01
9.733858204853963400e-03 2.872392965963900036e+00 6.700000000000000000e+01
9.563918974229285164e-03 -1.433375598929999439e+00 1.020000000000000000e+02
9.428625586589203800e-03 -2.783134907100350386e+00 6.900000000000000000e+01
9.358074301520781513e-03 2.487293634812667853e-01 1.510000000000000000e+02
9.324250753399397629e-03 1.326499463700844039e+00 1.840000000000000000e+02
9.261137657910535961e-03 3.055066790665790677e+00 1.620000000000000000e+02
9.248127996282485414e-03 -9.312450783916762509e-01 7.200000000000000000e+01
9.138843697304751060e-03 -1.706925825084369297e+00 7.800000000000000000e+01
9.059126877633960975e-03 -1.082753151275994252e+00 1.490000000000000000e+02
8.978105637977658662e-03 2.721122838358274620e+00 7.100000000000000000e+01
8.656505139815197716e-03 -1.822324080063961294e+00 1.830000000000000000e+02
8.563806485821933226e-03 -1.711942428593472121e+00 8.100000000000000000e+01
8.561990640050939558e-03 -2.793856211269804657e+00 7.300000000000000000e+01
8.527173288607728732e-03 -1.944167565584707491e+00 1.280000000000000000e+02
8.467149185206751180e-03 -3.241620784354289908e-01 2.800000000000000000e+01
8.442685090923553529e-03 -1.145236173515044475e+00 1.440000000000000000e+02
8.389294973447246687e-03 -1.689830514528131600e+00 7.400000000000000000e+01
8.332134080081800287e-03 2.803832043636993898e+00 6.100000000000000000e+01
8.315843974775189232e-03 2.975158661424472939e+00 1.160000000000000000e+02
8.226646261483628805e-03 -9.341742695648022066e-01 1.710000000000000000e+02
8.140615266227467506e-03 -2.035420378635642180e+00 1.360000000000000000e+02
7.974436872109542246e-03 8.677510842304859695e-01 1.720000000000000000e+02
7.677465043015898639e-03 -9.384779835861922770e-01 1.430000000000000000e+02
7.675287566260482336e-03 2.986274044932397675e-01 1.010000000000000000e+02
7.574581855886624963e-03 2.591672309893586768e+00 6.200000000000000000e+01
7.516842696539915297e-03 -6.988984732312661929e-01 8.400000000000000000e+01
7.500602025820189180e-03 9.150631399532750399e-01 1.760000000000000000e+02
7.455326391433863588e-03 6.741162303963676994e-01 1.550000000000000000e+02
7.279941120255834647e-03 2.050787980369166430e+00 1.820000000000000000e+02
7.224071517622957829e-03 -2.898120064368854720e+00 9.100000000000000000e+01
6.963928094568024724e-03 -1.202540980604063225e+00 9.600000000000000000e+01
6.960552358931624065e-03 7.822922580095671430e-01 1.050000000000000000e+02
6.893144543120373682e-03 2.637509520218919157e+00 1.580000000000000000e+02
6.881242237970175771e-03 -1.051668634516798706e+00 1.480000000000000000e+02
6.785156126751451001e-03 -1.370788393572748287e+00 1.230000000000000000e+02
6.635489563021703535e-03 6.071375371912236529e-01 5.300000000000000000e+01
6.450268002618566275e-03 -2.671384662316306891e+00 1.120000000000000000e+02
6.446741191565639843e-03 2.748843555251126336e+00 8.700000000000000000e+01
6.257270713643724516e-03 -2.547269722893275468e+00 1.320000000000000000e+02
6.139436252416903203e-03 1.744806948947214220e+00 1.560000000000000000e+02
6.115690532495388076e-03 2.027492742100929224e+00 2.230000000000000000e+02
5.985223902023603833e-03 -2.635770678712498150e+00 7.700000000000000000e+01
5.909680085860508428e-03 -1.098164547795328572e+00 1.450000000000000000e+02
5.792087033975090553e-03 1.020027084824486785e+00 5.400000000000000000e+01
5.760117013226540884e-03 -1.551692061501093844e+00 9.000000000000000000e+01
5.745758745906249208e-03 -2.073263133963867855e+00 1.400000000000000000e+02
5.707484109400228975e-03 -1.407027234542808092e+00 1.390000000000000000e+02
5.675246434989824652e-03 7.177687460246909845e-01 8.500000000000000000e+01
5.381068424081580752e-03 3.008974396420736941e+00 5.100000000000000000e+01
5.339102372861195128e-03 -1.193726079043698540e+00 1.670000000000000000e+02
5.307459982825954783e-03 1.258426303677498526e+00 1.090000000000000000e+02
5.294465028741765847e-03 -2.222459475860281142e+00 1.610000000000000000e+02
5.209654044143774768e-03 -1.387414221108418666e-01 1.520000000000000000e+02
5.178195336898440589e-03 -1.113790561948941188e-01 1.530000000000000000e+02
5.173226103287139645e-03 4.908652495344000832e-01 1.860000000000000000e+02
5.168638141934979967e-03 -1.482057892283198397e+00 9.200000000000000000e+01
5.127874312026632977e-03 2.057374499591444472e+00 4.300000000000000000e+01
5.070490337485830494e-03 3.137606645992490506e+00 1.200000000000000000e+02
5.034673420001514396e-03 -6.076115926975559356e-01 1.270000000000000000e+02
5.030059614975722175e-03 1.484569965780849765e+00 1.740000000000000000e+02
4.860744570369127972e-03 -2.065414180047016046e+00 1.640000000000000000e+02
4.839781950266349581e-03 -3.096877315080289184e-01 1.590000000000000000e+02
4.825400617889608057e-03 2.727031295905211206e+00 7.500000000000000000e+01
4.765820652851208462e-03 -2.242544041514670461e+00 5.500000000000000000e+01
4.726379039310894987e-03 1.058546332924053868e+00 8.900000000000000000e+01
4.700541966776886765e-03 1.548075833789321676e+00 1.780000000000000000e+02
4.606173839979335084e-03 -2.515607163073599661e+00 6.600000000000000000e+01
4.565884688425555366e-03 2.261405948913798092e+00 7.900000000000000000e+01
4.552409383744256306e-03 -1.103829068629899934e+00 9.800000000000000000e+01
4.503243178710525201e-03 2.126594847650729925e+00 1.030000000000000000e+02
4.484108704137973293e-03 2.482171828760839194e+00 8.300000000000000000e+01
4.475941790159099383e-03 1.329785737786612909e+00 1.110000000000000000e+02
4.469521370721271994e-03 -2.628289296187412472e+00 1.240000000000000000e+02
4.387885374117836759e-03 -1.281200212172878938e+00 1.190000000000000000e+02
4.200888351593583953e-03 -2.089885104934082527e+00 1.380000000000000000e+02
4.157116948510104423e-03 -1.226727594170275548e+00 1.310000000000000000e+02
4.155732781250393894e-03 5.207013620639401319e-01 1.460000000000000000e+02
4.087185352858109175e-03 -1.194400976539087278e+00 1.180000000000000000e+02
3.975496844692301586e-03 1.981979532170549563e+00 9.900000000000000000e+01
3.884982931805616106e-03 -9.725230067335686179e-01 9.400000000000000000e+01
3.818493365867615778e-03 -2.418620452466225146e+00 1.680000000000000000e+02
3.755221363346183863e-03 -1.242311012131340542e+00 1.410000000000000000e+02
3.580769352320064755e-03 -1.490833580318377427e+00 1.100000000000000000e+02
3.540422941386013947e-03 5.984906902012804286e-01 6.400000000000000000e+01
3.432329283852310602e-03 1.481545830516421303e+00 5.800000000000000000e+01
3.379875177132600321e-03 -1.787301734313415658e+00 1.330000000000000000e+02
3.368225027600474288e-03 -2.347828111228808190e+00 1.540000000000000000e+02
3.324980264585037423e-03 6.433764379728420524e-01 9.300000000000000000e+01
3.174562157020451459e-03 -6.200913022957053877e-02 1.700000000000000000e+02
3.120062403104827565e-03 1.191883707470825726e+00 1.500000000000000000e+02
3.084504194742929313e-03 2.339830533491245035e+00 1.300000000000000000e+02
3.072891164516632859e-03 -1.479637383894809366e+00 1.350000000000000000e+02
3.020558890445008103e-03 2.188687264330982707e+00 1.290000000000000000e+02
2.978049635976522721e-03 2.611427638227929560e+00 1.040000000000000000e+02
2.892715858213611851e-03 -6.854886500652647152e-01 1.790000000000000000e+02
2.867620351957471826e-03 -1.139330797834311682e+00 8.000000000000000000e+01
2.856294565471696051e-03 -2.789499067991179082e+00 1.420000000000000000e+02
2.812957157613773639e-03 1.885670367607026776e+00 1.130000000000000000e+02
2.682652915240590560e-03 -1.802028826513897286e+00 1.220000000000000000e+02
2.632028102392181771e-03 2.589608663289847179e+00 1.170000000000000000e+02
2.564233734837740100e-03 -2.695720001357108653e-01 1.800000000000000000e+02
2.558536054020177797e-03 1.610196874469038475e+00 1.600000000000000000e+02
2.529022805589283343e-03 2.862182004754096343e-01 9.700000000000000000e+01
2.476897153456604668e-03 -1.275729129386440341e+00 1.570000000000000000e+02
2.361394306761052924e-03 -1.338520482078231710e+00 1.070000000000000000e+02
2.305022041128805977e-03 2.592620516284387833e+00 2.090000000000000000e+02
2.262177264150279539e-03 2.674633617192247126e+00 1.250000000000000000e+02
2.226020274354068105e-03 -8.669848103033096498e-01 1.630000000000000000e+02
2.217354193093343338e-03 -6.291452101593895119e-01 1.000000000000000000e+02
2.086651906012956196e-03 2.314899718267288797e+00 1.080000000000000000e+02
2.010816413505113302e-03 -1.641467682295402408e+00 1.060000000000000000e+02
1.777972436401744445e-03 2.105830739254811235e+00 1.210000000000000000e+02
1.754288674625069031e-03 -2.025101984169404901e+00 1.140000000000000000e+02
1.596066880802259405e-03 -6.242596299646983038e-01 6.800000000000000000e+01
1.537967215973470121e-03 -2.226782350324683912e-01 8.800000000000000000e+01
1.200269784461257790e-03 -1.918730269566819358e+00 1.260000000000000000e+02
1.195072156961589490e-03 1.639481334311187588e+00 1.340000000000000000e+02
1.054155172789098980e-03 -2.355872337017594909e+00 1.370000000000000000e+02
9.027118895269352350e-04 -1.797177562746338886e+00 1.150000000000000000e+02
5.880159390244426220e-04 9.023689004164430205e-01 9.500000000000000000e+01
4.505452957041710055e-04 -8.116867783368628686e-01 2.030000000000000000e+02
